-45.0
-45.0
-45.0
-45.0
-45.0
-45.0
-45.0
-45.0
-45.0
-45.0
-45.0
-45.0
-45.0
-45.0
-45.0
-45.0
-45.0
-45.0
-45.0
-45.0
-45.0
-45.0
-45.0
-45.0
-45.0
-45.0
-45.0
-45.0
-45.0
-45.0
-45.0
-45.0
-45.0
-45.0
-45.0
-45.0
-45.0
-45.0
-45.0
-45.0
-45.0
-45.0
-45.0
-45.0
-45.0
-45.0
-45.0
-45.0
-45.0
-45.0
-45.0
-45.0
-45.0
-45.0
-45.0
-45.0
-45.0
-45.0
-45.0
-45.0
-45.0
-45.0
-45.0
-45.0
-45.0
-45.0
-45.0
-45.0
-45.0
-45.0
-45.0
-45.0
-45.0
-45.0
-45.0
-45.0
-45.0
-45.0
-45.0
-45.0
-45.0
-45.0
-45.0
-45.0
-45.0
-45.0
-45.0
-45.0
-45.0
-45.0
-45.0
-45.0
-45.0
-45.0
-45.0
-45.0
-45.0
-45.0
-45.0
-45.0
-45.0
-45.0
-45.0
-45.0
-45.0
-45.0
-45.0
-45.0
-45.0
-45.0
-45.0
-45.0
-45.0
-45.0
-45.0
-45.0
-45.0
-45.0
-45.0
-45.0
-45.0
-45.0
-45.0
-45.0
-45.0
-45.0
-45.0
-45.0
-45.0
-45.0
-45.0
-45.0
-45.0
-45.0
-45.0
-45.0
-45.0
-45.0
-45.0
-45.0
-45.0
-45.0
-45.0
-45.0
-45.0
-45.0
-45.0
-45.0
-45.0
-45.0
-45.0
-45.0
-45.0
-45.0
-45.0
-45.0
-45.0
-45.0
-45.0
-45.0
-45.0
-45.0
-45.0
-45.0
-45.0
-45.0
-45.0
-45.0
-45.0
-45.0
-45.0
-45.0
-45.0
-45.0
-45.0
-45.0
-45.0
-45.0
-45.0
-45.0
-45.0
-45.0
-45.0
-45.0
-45.0
-45.0
-45.0
-45.0
-45.0
-45.0
-45.0
-45.0
-45.0
-45.0
-45.0
-45.0
-45.0
-45.0
-45.0
-45.0
-45.0
-45.0
-45.0
-45.0
-45.0
-45.0
-45.0
-45.0
-45.0
-45.0
-45.0
-45.0
-45.0
-45.0
-45.0
-45.0
-45.0
-45.0
-45.0
-45.0
-45.0
-45.0
-45.0
-45.0
-45.0
-45.0
-45.0
-45.0
-45.0
-45.0
-45.0
-45.0
-45.0
-45.0
-45.0
-45.0
-45.0
-45.0
-45.0
-45.0
-45.0
-45.0
-45.0
-45.0
-45.0
-45.0
-45.0
-45.0
-45.0
-45.0
-45.0
-45.0
-45.0
-45.0
-45.0
-45.0
-45.0
-45.0
-45.0
-45.0
-45.0
-45.0
-45.0
-45.0
-45.0
-45.0
-45.0
-45.0
-45.0
-45.0
-45.0
-45.0
-45.0
-45.0
-45.0
-45.0
-45.0
-45.0
-45.0
-45.0
-45.0
-45.0
-45.0
-45.0
-45.0
-45.0
-45.0
-45.0
-45.0
-45.0
-45.0
-45.0
-45.0
-45.0
-45.0
-45.0
-45.0
-45.0
-45.0
-45.0
-45.0
-45.0
-45.0
-45.0
-45.0
-45.0
-45.0
-45.0
-45.0
-45.0
-45.0
-45.0
-45.0
-45.0
-45.0
-45.0
-45.0
-45.0
-45.0
-45.0
-45.0
-45.0
-45.0
-45.0
-45.0
-45.0
-45.0
-45.0
-45.0
-45.0
-45.0
-45.0
-45.0
-45.0
-45.0
-45.0
-45.0
-45.0
-45.0
-45.0
-45.0
-45.0
-45.0
-45.0
-45.0
-45.0
-45.0
-45.0
-45.0
-45.0
-45.0
-45.0
-45.0
-45.0
-45.0
-45.0
-45.0
-45.0
-45.0
-45.0
-45.0
-45.0
-45.0
-45.0
-45.0
-45.0
-45.0
-45.0
-45.0
-45.0
-45.0
-45.0
-45.0
-45.0
-45.0
-45.0
-45.0
-45.0
-45.0
-45.0
-45.0
-45.0
-45.0
-45.0
-45.0
-45.0
-45.0
-45.0
-45.0
-45.0
-45.0
-45.0
-45.0
-45.0
-45.0
-45.0
-45.0
-45.0
-45.0
-45.0
-45.0
-45.0
-45.0
-45.0
-45.0
-45.0
-45.0
-45.0
-45.0
-45.0
-45.0
-45.0
-45.0
-45.0
-45.0
-45.0
-45.0
-45.0
-45.0
-45.0
-45.0
-45.0
-45.0
-45.0
-45.0
-45.0
-45.0
-45.0
-45.0
-45.0
-45.0
-45.0
-45.0
-45.0
-45.0
-45.0
-45.0
-45.0
-45.0
-45.0
-45.0
-45.0
-45.0
-45.0
-45.0
-45.0
-45.0
-45.0
-45.0
-45.0
-45.0
-45.0
-45.0
-45.0
-45.0
-45.0
-45.0
-45.0
-45.0
-45.0
-45.0
-45.0
-45.0
-45.0
-45.0
-45.0
-45.0
-45.0
-45.0
-45.0
-45.0
-45.0
-45.0
-45.0
-45.0
-45.0
-45.0
-45.0
-45.0
-45.0
-45.0
-45.0
-45.0
-45.0
-45.0
-45.0
-45.0
-45.0
-45.0
-45.0
-45.0
-45.0
-45.0
-45.0
-45.0
-45.0
-45.0
-45.0
-45.0
-45.0
-45.0
-45.0
-45.0
-45.0
-45.0
-45.0
-45.0
-45.0
-45.0
-45.0
-45.0
-45.0
-45.0
-45.0
-45.0
-45.0
-45.0
-45.0
-45.0
-45.0
-45.0
-45.0
-45.0
-45.0
-45.0
-45.0
-45.0
-45.0
-45.0
-45.0
-45.0
-45.0
-45.0
-45.0
-45.0
-45.0
-45.0
-45.0
-45.0
-45.0
-45.0
-45.0
-45.0
-45.0
-45.0
-45.0
-45.0
-45.0
-45.0
-45.0
-45.0
-45.0
-45.0
-45.0
-45.0
-45.0
-45.0
-45.0
-45.0
-45.0
-45.0
-45.0
-45.0
-45.0
-45.0
-45.0
-45.0
-45.0
-45.0
-45.0
-45.0
-45.0
-45.0
-45.0
-45.0
-45.0
-45.0
-45.0
-45.0
-45.0
-45.0
-45.0
-45.0
-45.0
-45.0
-45.0
-45.0
-45.0
-45.0
-45.0
-45.0
-45.0
-45.0
-45.0
-45.0
-45.0
-45.0
-45.0
-45.0
-45.0
-45.0
-45.0
-45.0
-45.0
-45.0
-45.0
-45.0
-45.0
-45.0
-45.0
-25.64038280497407
-45.0
35.410495987094635
26.59501741408809
24.506829019813992
28.153609415832577
20.922265166433448
28.716109415832577
33.317096528457824
29.47179601441374
32.28487638810171
35.79275042387155
36.61761313605379
35.439563005684164
34.28624346792648
32.41775042387155
31.70641419838583
19.509030033421695
45.0
45.0
45.0
45.0
13.827629635944852
-30.853601752483925
-33.44019160404175
-37.65134036024405
-34.02031059929165
-34.612497521055374
-35.98837631313236
-24.815183429590846
-27.903203985586252
45.0
45.0
14.109550627959194
45.0
45.0
45.0
17.23900458751482
45.0
45.0
30.899185890652646
-45.0
-45.0
-45.0
-45.0
-45.0
-45.0
-45.0
-45.0
-45.0
-45.0
-45.0
-45.0
-45.0
-45.0
-45.0
-45.0
-45.0
-45.0
-45.0
-45.0
-45.0
-45.0
-45.0
-45.0
-45.0
-45.0
-45.0
-45.0
-45.0
-45.0
-45.0
-45.0
-45.0
-45.0
-45.0
-45.0
-45.0
-45.0
-45.0
-45.0
-45.0
-45.0
-45.0
-45.0
-45.0
-45.0
-45.0
-45.0
-45.0
-45.0
-45.0
-45.0
-45.0
-45.0
-45.0
-45.0
-45.0
-45.0
-45.0
-45.0
-45.0
-45.0
-45.0
-45.0
-45.0
-45.0
-45.0
-45.0
-45.0
-45.0
-45.0
-45.0
-45.0
-45.0
-45.0
-45.0
-45.0
-45.0
-45.0
-45.0
-45.0
-45.0
-45.0
-45.0
-45.0
-45.0
-45.0
-45.0
-45.0
-45.0
-45.0
-45.0
-45.0
-45.0
-45.0
-45.0
-45.0
-45.0
-45.0
-45.0
-45.0
-45.0
-45.0
-45.0
-45.0
-45.0
-45.0
-45.0
-45.0
-45.0
-45.0
-45.0
-45.0
-45.0
-45.0
-45.0
-45.0
-45.0
-45.0
-45.0
-45.0
-45.0
-45.0
-45.0
-45.0
-45.0
-45.0
-45.0
-45.0
-45.0
-45.0
-45.0
-45.0
-45.0
-45.0
-45.0
-45.0
-45.0
-45.0
-45.0
-45.0
-45.0
-45.0
-45.0
-45.0
-45.0
-45.0
-45.0
-45.0
-45.0
-45.0
-45.0
-45.0
-45.0
-45.0
-45.0
-45.0
-45.0
-45.0
-45.0
-45.0
-45.0
-45.0
-45.0
-45.0
-45.0
-45.0
-45.0
-45.0
-45.0
-45.0
-45.0
-45.0
-45.0
-45.0
-45.0
-45.0
-45.0
-45.0
-45.0
-45.0
-45.0
-45.0
-45.0
-45.0
-45.0
-45.0
-45.0
-45.0
-45.0
-45.0
-45.0
-45.0
-45.0
-45.0
-45.0
-45.0
-45.0
-45.0
-45.0
-45.0
-45.0
-45.0
-45.0
-45.0
-45.0
-45.0
-45.0
-45.0
-45.0
-45.0
-45.0
-45.0
-45.0
-45.0
-45.0
-45.0
-45.0
-45.0
-45.0
-45.0
-45.0
-45.0
-45.0
-45.0
-45.0
-45.0
-45.0
-45.0
-45.0
-45.0
-45.0
-45.0
-45.0
-45.0
-45.0
-45.0
-45.0
-45.0
-45.0
-45.0
-45.0
-45.0
-45.0
-45.0
-45.0
-45.0
-45.0
-45.0
-45.0
-45.0
-45.0
-45.0
-45.0
-45.0
-45.0
-45.0
-45.0
-45.0
-45.0
-45.0
-45.0
-45.0
-45.0
-45.0
-45.0
-45.0
-45.0
-45.0
-45.0
-45.0
-45.0
-45.0
-45.0
-45.0
-45.0
-45.0
-45.0
-45.0
-45.0
-45.0
-45.0
-45.0
-45.0
-45.0
-45.0
-45.0
-45.0
-45.0
-45.0
-45.0
-45.0
-45.0
-45.0
-45.0
-45.0
-45.0
-45.0
-45.0
-45.0
-45.0
-45.0
-45.0
-45.0
-45.0
-45.0
-45.0
-45.0
-45.0
-45.0
-45.0
-45.0
-45.0
-45.0
-45.0
-45.0
-45.0
-45.0
-45.0
-45.0
-45.0
-45.0
-45.0
-45.0
-45.0
-45.0
-45.0
-45.0
-45.0
-45.0
-45.0
-45.0
-45.0
-45.0
-45.0
-45.0
-45.0
-45.0
-45.0
-45.0
-45.0
-45.0
-45.0
-45.0
-45.0
-45.0
-45.0
-45.0
-45.0
-45.0
-45.0
-45.0
-45.0
-45.0
-45.0
-45.0
-45.0
-45.0
-45.0
-45.0
-45.0
-45.0
-45.0
-45.0
-45.0
-45.0
-45.0
-45.0
-45.0
-45.0
-45.0
-45.0
-45.0
-45.0
-45.0
-45.0
-45.0
-45.0
-45.0
-45.0
-45.0
-45.0
-45.0
-45.0
-45.0
-45.0
-45.0
-45.0
-45.0
-45.0
-45.0
-45.0
-45.0
-45.0
-32.625
-45.0
-45.0
-45.0
-45.0
-45.0
-45.0
-45.0
-45.0
-45.0
-45.0
-45.0
-45.0
-45.0
-45.0
-45.0
-45.0
-45.0
-45.0
-45.0
-45.0
-45.0
-45.0
-45.0
-45.0
-45.0
-45.0
-45.0
-45.0
-45.0
-45.0
-45.0
-45.0
-45.0
-45.0
-45.0
-45.0
-45.0
-45.0
-45.0
-45.0
-45.0
-45.0
-45.0
-45.0
-45.0
-45.0
-45.0
-45.0
-45.0
-45.0
-45.0
-45.0
-45.0
-45.0
-45.0
-45.0
-45.0
-45.0
-45.0
-45.0
-45.0
-45.0
-45.0
-45.0
-45.0
-45.0
-45.0
-45.0
-45.0
-45.0
-45.0
-45.0
-45.0
-45.0
-45.0
-45.0
-45.0
-45.0
-45.0
-45.0
-45.0
-45.0
-45.0
-45.0
-45.0
-45.0
-45.0
-45.0
-45.0
-45.0
-45.0
-45.0
-45.0
-45.0
-45.0
-45.0
-45.0
-45.0
-45.0
-45.0
-45.0
-45.0
-45.0
-45.0
-45.0
-45.0
-45.0
-45.0
-45.0
-45.0
-45.0
-45.0
-45.0
-45.0
-45.0
-45.0
-45.0
-45.0
-45.0
-45.0
-45.0
-45.0
-45.0
-45.0
-45.0
-45.0
-45.0
-45.0
-45.0
-45.0
-45.0
-45.0
-45.0
-45.0
-45.0
-45.0
-45.0
-45.0
-45.0
-45.0
-45.0
-45.0
-45.0
-45.0
-45.0
-45.0
-45.0
-45.0
-45.0
-45.0
-45.0
-45.0
-45.0
-45.0
-45.0
-45.0
-45.0
-45.0
-45.0
-45.0
-45.0
-45.0
-45.0
-45.0
-45.0
-45.0
-45.0
-45.0
-45.0
-45.0
-45.0
-45.0
-45.0
-45.0
-45.0
-45.0
-45.0
-45.0
-45.0
-45.0
-45.0
-45.0
-45.0
-45.0
-45.0
-45.0
-45.0
-45.0
-45.0
-45.0
-45.0
-45.0
-45.0
-45.0
-45.0
-45.0
-45.0
-45.0
-45.0
-45.0
-45.0
-45.0
-45.0
-45.0
-45.0
-45.0
-45.0
-45.0
-45.0
-45.0
-45.0
-45.0
-45.0
-45.0
-45.0
-45.0
-45.0
-45.0
-45.0
-45.0
-45.0
-45.0
-45.0
-45.0
-45.0
-45.0
-45.0
-45.0
-45.0
-45.0
-45.0
-45.0
-45.0
-45.0
-45.0
-45.0
-45.0
-45.0
-45.0
-45.0
-45.0
-45.0
-45.0
-45.0
-45.0
-45.0
-45.0
-45.0
-45.0
-45.0
-45.0
-45.0
-45.0
-45.0
-45.0
-45.0
-45.0
-45.0
-45.0
-45.0
-45.0
-38.846744711991015
-45.0
-45.0
-45.0
-45.0
-45.0
-45.0
-45.0
-45.0
-45.0
-45.0
-45.0
-45.0
-45.0
-45.0
-45.0
-45.0
-45.0
-45.0
-45.0
-45.0
-45.0
-45.0
-45.0
-45.0
-45.0
-45.0
-45.0
-45.0
-45.0
-45.0
-45.0
-45.0
-45.0
-45.0
-45.0
-45.0
-45.0
-45.0
-45.0
-45.0
-45.0
-45.0
-45.0
-45.0
-45.0
-45.0
-45.0
-45.0
-45.0
-45.0
-45.0
-45.0
-45.0
-45.0
-45.0
-45.0
-45.0
-45.0
-45.0
-45.0
-45.0
-45.0
-45.0
-45.0
-45.0
-45.0
-45.0
-45.0
-45.0
-45.0
-45.0
-45.0
-45.0
-45.0
-45.0
-45.0
-45.0
-45.0
-45.0
-45.0
-45.0
-45.0
-45.0
-45.0
-45.0
-45.0
-45.0
-45.0
-45.0
-45.0
-45.0
-45.0
-45.0
-45.0
-45.0
-45.0
-45.0
-45.0
-45.0
-45.0
-45.0
-45.0
-45.0
-45.0
-45.0
-45.0
-45.0
-45.0
-45.0
-45.0
-45.0
-45.0
-45.0
-45.0
-45.0
-45.0
-45.0
-45.0
-45.0
-45.0
-45.0
-45.0
-45.0
-45.0
-45.0
-45.0
-45.0
-45.0
-45.0
-45.0
-45.0
-45.0
-45.0
-45.0
-45.0
-45.0
-45.0
-45.0
-45.0
-45.0
-45.0
-45.0
-45.0
-45.0
-45.0
-45.0
-45.0
-45.0
-45.0
-45.0
-45.0
-45.0
-45.0
-45.0
-45.0
-45.0
-45.0
-45.0
-45.0
-45.0
-45.0
-45.0
-45.0
-45.0
-45.0
-45.0
-45.0
-45.0
-45.0
-45.0
-45.0
-45.0
-45.0
-45.0
-45.0
-45.0
-45.0
-45.0
-45.0
-45.0
-45.0
-45.0
-45.0
-45.0
-45.0
-45.0
-45.0
-45.0
-45.0
-45.0
-45.0
-45.0
-45.0
-45.0
-45.0
-45.0
-45.0
-45.0
-45.0
-45.0
-45.0
-45.0
-45.0
-45.0
-45.0
-45.0
-45.0
-45.0
-45.0
-45.0
-45.0
-45.0
-45.0
-45.0
-45.0
-45.0
-45.0
-45.0
-45.0
-45.0
-45.0
-45.0
-45.0
-45.0
-45.0
-45.0
-39.52240218990655
-45.0
-45.0
-45.0
-45.0
-45.0
-45.0
-45.0
-45.0
-45.0
-45.0
-45.0
-45.0
-45.0
-45.0
-45.0
-45.0
-45.0
-45.0
-45.0
-45.0
-45.0
-45.0
-45.0
-45.0
-45.0
-45.0
-45.0
-45.0
-45.0
-45.0
-45.0
-45.0
-45.0
-45.0
-45.0
-45.0
-45.0
-45.0
-45.0
-45.0
-45.0
-45.0
-45.0
-45.0
-45.0
-45.0
-45.0
-45.0
-45.0
-45.0
-45.0
-45.0
-45.0
-45.0
-45.0
-45.0
-45.0
-45.0
-45.0
-45.0
-45.0
-45.0
-45.0
-45.0
-45.0
-45.0
-45.0
-45.0
-45.0
-45.0
-45.0
-45.0
-45.0
-45.0
-45.0
-45.0
-45.0
-45.0
-45.0
-45.0
-45.0
-45.0
-45.0
-45.0
-45.0
-45.0
-45.0
-45.0
-45.0
-45.0
-45.0
-45.0
-45.0
-45.0
-45.0
-39.17009587295495
-45.0
-45.0
-45.0
-39.10230393000729
-45.0
-45.0
-45.0
-38.38182084536309
-45.0
-45.0
-45.0
-45.0
-45.0
-45.0
-45.0
-45.0
-45.0
-45.0
-45.0
-45.0
-45.0
-45.0
-45.0
-45.0
-45.0
-45.0
-45.0
-45.0
-45.0
-45.0
-45.0
-45.0
-45.0
-45.0
-45.0
-45.0
-45.0
-45.0
-45.0
-45.0
-45.0
-45.0
-45.0
-45.0
-45.0
-45.0
-45.0
-45.0
-38.83280502131926
-45.0
-45.0
-45.0
-40.157037417145176
-45.0
-38.25
-45.0
-38.284244711991015
-45.0
-45.0
-45.0
-38.846744711991015
-45.0
-45.0
-45.0
-45.0
-45.0
-45.0
-45.0
-45.0
-45.0
-45.0
-45.0
-45.0
-45.0
-45.0
-45.0
-45.0
-45.0
-45.0
-45.0
-45.0
-45.0
-45.0
-45.0
-45.0
-45.0
-45.0
-45.0
-45.0
-45.0
-45.0
-45.0
-45.0
-45.0
-45.0
-45.0
-45.0
-45.0
-45.0
-45.0
-45.0
-45.0
-45.0
-45.0
-45.0
-45.0
-45.0
-45.0
-45.0
-45.0
-45.0
-45.0
-45.0
-45.0
-45.0
-45.0
-45.0
-45.0
-45.0
-45.0
-45.0
-45.0
-45.0
-39.47566718749867
-38.94432084536309
-33.28816718749867
-45.0
-45.0
-45.0
-45.0
-45.0
-45.0
-45.0
-45.0
-45.0
-45.0
-45.0
-45.0
-45.0
-45.0
-45.0
-45.0
-45.0
-45.0
-45.0
-45.0
-45.0
-45.0
-45.0
-45.0
-45.0
-40.22730393000729
-40.090708589068775
-40.29509587295495
-45.0
-45.0
-45.0
-45.0
-45.0
-45.0
-45.0
-45.0
-45.0
-45.0
-45.0
-45.0
-45.0
-45.0
-45.0
-45.0
-45.0
-45.0
-45.0
-45.0
-45.0
-45.0
-45.0
-45.0
-45.0
-45.0
-45.0
-45.0
-45.0
-45.0
-45.0
-45.0
-45.0
-45.0
-45.0
-45.0
-45.0
-45.0
-45.0
-45.0
-45.0
-45.0
-37.42475312880906
-45.0
-45.0
-45.0
-36.39120351590364
-45.0
-45.0
-45.0
-45.0
-45.0
-45.0
-45.0
-45.0
-39.10230393000729
-45.0
-45.0
-45.0
-38.886515010028354
-45.0
-45.0
-45.0
-45.0
-45.0
-45.0
-45.0
-45.0
-45.0
-45.0
-45.0
-45.0
-45.0
-45.0
-45.0
-45.0
-45.0
-45.0
-45.0
-45.0
-45.0
-45.0
-45.0
-45.0
-45.0
-35.557276460999574
-45.0
-36.39120351590364
-45.0
-45.0
-45.0
-45.0
-45.0
-45.0
-45.0
-45.0
-45.0
-45.0
-45.0
-45.0
-45.0
-45.0
-45.0
-45.0
-45.0
-45.0
-45.0
-45.0
-45.0
-45.0
-45.0
-45.0
-45.0
-45.0
-45.0
-45.0
-45.0
-45.0
-45.0
-45.0
-45.0
-38.85615292956191
-45.0
-45.0
-45.0
-45.0
-45.0
-45.0
-45.0
-45.0
-45.0
-45.0
-45.0
-45.0
-45.0
-45.0
-45.0
-45.0
-45.0
-45.0
-45.0
-45.0
-45.0
-34.854918403878465
-45.0
-38.973431526986744
-45.0
-37.807276460999574
-45.0
-45.0
-45.0
-45.0
-45.0
-45.0
-45.0
-36.39120351590364
-45.0
-45.0
-45.0
-45.0
-45.0
-45.0
-45.0
-45.0
-38.846744711991015
-45.0
-45.0
-45.0
-45.0
-45.0
-45.0
-39.594537417145176
-39.83340213090708
-45.0
-40.63182084536309
-45.0
-45.0
-45.0
-45.0
-45.0
-45.0
-45.0
-45.0
-45.0
-45.0
-45.0
-45.0
-45.0
-45.0
-45.0
-45.0
-45.0
-45.0
-45.0
-45.0
-45.0
-45.0
-45.0
-45.0
-45.0
-45.0
-45.0
-45.0
-45.0
-45.0
-45.0
-45.0
-45.0
-45.0
-45.0
-45.0
-45.0
-45.0
-45.0
-45.0
-45.0
-45.0
-45.0
-45.0
-45.0
-45.0
-45.0
-45.0
-45.0
-45.0
-38.26038141908755
-45.0
-45.0
-45.0
-45.0
-45.0
-45.0
-45.0
-45.0
-45.0
-45.0
-45.0
-35.471735905295205
-45.0
-45.0
-45.0
-45.0
-45.0
-45.0
-45.0
-45.0
-45.0
-45.0
-45.0
-45.0
-45.0
-45.0
-45.0
-45.0
-45.0
-45.0
-45.0
-45.0
-45.0
-45.0
-45.0
-45.0
-45.0
-45.0
-45.0
-34.75990087582849
-45.0
-45.0
-45.0
-45.0
-45.0
-45.0
-45.0
-45.0
-45.0
-45.0
-45.0
-45.0
-45.0
-45.0
-45.0
-38.778255288008985
-38.25
-38.767227540270056
-40.22730393000729
-37.826111390153166
-39.63010235415598
-45.0
-45.0
-45.0
-45.0
-45.0
-45.0
-45.0
-45.0
-45.0
-45.0
-45.0
-45.0
-45.0
-45.0
-45.0
-45.0
-45.0
-45.0
-45.0
-45.0
-45.0
-45.0
-45.0
-45.0
-45.0
-45.0
-45.0
-45.0
-45.0
-45.0
-45.0
-45.0
-45.0
-45.0
-45.0
-45.0
-45.0
-45.0
-45.0
-34.955613559512344
-38.79966966826028
-40.653208589068775
-38.24915135703771
-45.0
-45.0
-45.0
-40.22730393000729
-45.0
-38.284244711991015
-45.0
-45.0
-45.0
-45.0
-45.0
-45.0
-45.0
-45.0
-45.0
-45.0
-37.3446845877196
-45.0
-45.0
-45.0
-45.0
-45.0
-45.0
-45.0
-36.08117352286085
-45.0
-45.0
-45.0
-45.0
-45.0
-45.0
-45.0
-45.0
-45.0
-45.0
-45.0
-45.0
-45.0
-45.0
-45.0
-45.0
-45.0
-45.0
-45.0
-45.0
-45.0
-45.0
-45.0
-45.0
-45.0
-45.0
-38.25
-45.0
-45.0
-45.0
-45.0
-45.0
-45.0
-45.0
-45.0
-45.0
-45.0
-45.0
-45.0
-45.0
-45.0
-45.0
-40.717474411461005
-39.56621787938748
-45.0
-45.0
-45.0
-45.0
-45.0
-45.0
-45.0
-45.0
-45.0
-45.0
-45.0
-45.0
-45.0
-45.0
-45.0
-45.0
-45.0
-45.0
-45.0
-45.0
-36.231161104012806
-45.0
-45.0
-45.0
-45.0
-45.0
-45.0
-45.0
-45.0
-45.0
-45.0
-45.0
-45.0
-45.0
-45.0
-45.0
-45.0
-45.0
-45.0
-45.0
-45.0
-45.0
-45.0
-45.0
-45.0
-45.0
-45.0
-45.0
-45.0
-45.0
-45.0
-45.0
-45.0
-45.0
-45.0
-45.0
-45.0
-45.0
-45.0
-45.0
-45.0
-45.0
-45.0
-45.0
-45.0
-45.0
-45.0
-38.83280502131926
-45.0
-45.0
-45.0
-45.0
-36.39120351590364
-45.0
-45.0
-45.0
-45.0
-45.0
-45.0
-45.0
-45.0
-45.0
-45.0
-45.0
-45.0
-45.0
-45.0
-45.0
-45.0
-45.0
-38.201270075828084
-45.0
-45.0
-45.0
-45.0
-45.0
-45.0
-45.0
-45.0
-45.0
-45.0
-45.0
-45.0
-45.0
-45.0
-45.0
-45.0
-41.03264677338344
-45.0
-45.0
-45.0
-45.0
-45.0
-45.0
-45.0
-45.0
-45.0
-45.0
-45.0
-45.0
-45.0
-45.0
-45.0
-45.0
-45.0
-45.0
-45.0
-36.231161104012806
-45.0
-39.375
-45.0
-39.44297201519441
-45.0
-45.0
-45.0
-45.0
-45.0
-45.0
-45.0
-45.0
-45.0
-45.0
-45.0
-45.0
-45.0
-45.0
-45.0
-45.0
-45.0
-45.0
-45.0
-45.0
-45.0
-45.0
-45.0
-45.0
-45.0
-45.0
-45.0
-45.0
-45.0
-45.0
-45.0
-45.0
-45.0
-45.0
-45.0
-45.0
-45.0
-45.0
-45.0
-45.0
-45.0
-45.0
-45.0
-45.0
-45.0
-45.0
-45.0
-45.0
-45.0
-45.0
-45.0
-45.0
-45.0
-45.0
-45.0
-45.0
-45.0
-45.0
-45.0
-45.0
-45.0
-45.0
-45.0
-45.0
-45.0
-45.0
-45.0
-45.0
-45.0
-45.0
-45.0
-45.0
-45.0
-45.0
-45.0
-45.0
-45.0
-45.0
-45.0
-45.0
-45.0
-45.0
-45.0
-45.0
-45.0
-45.0
-45.0
-45.0
-45.0
-45.0
-45.0
-45.0
-45.0
-45.0
-45.0
-45.0
-45.0
-45.0
-45.0
-45.0
-45.0
-45.0
-45.0
-45.0
-45.0
-45.0
-45.0
-45.0
-45.0
-45.0
-45.0
-45.0
-45.0
-45.0
-45.0
-45.0
-45.0
-45.0
-45.0
-45.0
-45.0
-45.0
-45.0
-45.0
-45.0
-45.0
-45.0
-45.0
-45.0
-45.0
-45.0
-45.0
-45.0
-45.0
-45.0
-45.0
-45.0
-45.0
-45.0
-45.0
-45.0
-45.0
-45.0
-45.0
-45.0
-45.0
-45.0
-45.0
-45.0
-45.0
-45.0
-45.0
-45.0
-45.0
-45.0
-45.0
-45.0
-45.0
-45.0
-45.0
-45.0
-45.0
-45.0
-45.0
-45.0
-45.0
-45.0
-45.0
-45.0
-45.0
-45.0
-45.0
-45.0
-45.0
-45.0
-45.0
-45.0
-45.0
-45.0
-45.0
-45.0
-45.0
-45.0
-45.0
-45.0
-45.0
-45.0
-38.81165135703771
-45.0
-45.0
-45.0
-45.0
-45.0
-45.0
-45.0
-45.0
-45.0
-45.0
-45.0
-45.0
-45.0
-45.0
-45.0
-45.0
-39.36216966826028
-45.0
-39.36730300477231
-45.0
-45.0
-45.0
-45.0
-45.0
-45.0
-45.0
-45.0
-45.0
-45.0
-45.0
-45.0
-45.0
-45.0
-45.0
-45.0
-45.0
-45.0
-45.0
-45.0
-45.0
-45.0
-45.0
-45.0
-45.0
-45.0
-45.0
-45.0
-45.0
-45.0
-45.0
-45.0
-45.0
-45.0
-45.0
-45.0
-45.0
-45.0
-45.0
-45.0
-45.0
-45.0
-45.0
-45.0
-45.0
-45.0
-45.0
-45.0
-45.0
-45.0
-45.0
-45.0
-45.0
-45.0
-45.0
-45.0
-45.0
-45.0
-45.0
-45.0
-45.0
-45.0
-45.0
-45.0
-45.0
-36.08117352286085
-45.0
-45.0
-45.0
-45.0
-45.0
-45.0
-45.0
-45.0
-45.0
-45.0
-45.0
-45.0
-45.0
-45.0
-45.0
-45.0
-45.0
-45.0
-45.0
-45.0
-45.0
-45.0
-45.0
-38.25
-45.0
-45.0
-45.0
-45.0
-45.0
-45.0
-45.0
-45.0
-45.0
-45.0
-45.0
-45.0
-45.0
-45.0
-45.0
-45.0
-45.0
-45.0
-45.0
-45.0
-45.0
-45.0
-45.0
-45.0
-45.0
-45.0
-45.0
-45.0
-45.0
-45.0
-45.0
-45.0
-45.0
-45.0
-45.0
-45.0
-45.0
-45.0
-45.0
-45.0
-45.0
-45.0
-45.0
-45.0
-45.0
-45.0
-45.0
-45.0
-45.0
-45.0
-45.0
-45.0
-45.0
-45.0
-45.0
-45.0
-45.0
-45.0
-45.0
-45.0
-45.0
-45.0
-45.0
-45.0
-45.0
-45.0
-45.0
-45.0
-45.0
-45.0
-45.0
-45.0
-45.0
-45.0
-45.0
-45.0
-45.0
-45.0
-45.0
-45.0
-45.0
-45.0
-45.0
-45.0
-45.0
-45.0
-45.0
-45.0
-37.807276460999574
-45.0
-45.0
-45.0
-45.0
-45.0
-45.0
-45.0
-45.0
-45.0
-45.0
-45.0
-45.0
-45.0
-45.0
-45.0
-45.0
-45.0
-45.0
-45.0
-45.0
-45.0
-45.0
-45.0
-34.19740087582849
-45.0
-37.685371282947536
-45.0
-37.083313338004984
-45.0
-45.0
-45.0
-45.0
-45.0
-45.0
-45.0
-45.0
-45.0
-45.0
-39.372871282947536
-45.0
-45.0
-45.0
-45.0
-45.0
-45.0
-45.0
-45.0
-45.0
-45.0
-45.0
-45.0
-45.0
-45.0
-39.594537417145176
-45.0
-38.24915135703771
-38.25
-41.18813377874767
-39.370730331714896
-45.0
-45.0
-45.0
-45.0
-45.0
-45.0
-41.604918403878465
-45.0
-45.0
-45.0
-45.0
-45.0
-45.0
-45.0
-45.0
-45.0
-45.0
-45.0
-45.0
-45.0
-45.0
-45.0
-45.0
-45.0
-45.0
-45.0
-45.0
-45.0
-45.0
-39.46832412340507
-45.0
-45.0
-45.0
-45.0
-45.0
-45.0
-45.0
-45.0
-45.0
-45.0
-45.0
-45.0
-45.0
-45.0
-45.0
-45.0
-45.0
-45.0
-45.0
-36.98746700544098
-45.0
-45.0
-45.0
-38.95990218990655
-45.0
-45.0
-45.0
-45.0
-45.0
-45.0
-45.0
-45.0
-45.0
-45.0
-45.0
-45.0
-45.0
-45.0
-45.0
-45.0
-45.0
-45.0
-45.0
-45.0
-45.0
-45.0
-45.0
-45.0
-45.0
-45.0
-45.0
-45.0
-45.0
-45.0
-45.0
-45.0
-45.0
-45.0
-45.0
-45.0
-45.0
-39.594537417145176
-45.0
-45.0
-45.0
-45.0
-45.0
-45.0
-45.0
-37.15496623701011
-45.0
-45.0
-45.0
-45.0
-45.0
-45.0
-37.613484989971646
-45.0
-45.0
-45.0
-45.0
-45.0
-45.0
-45.0
-45.0
-45.0
-45.0
-45.0
-45.0
-45.0
-45.0
-45.0
-45.0
-45.0
-45.0
-45.0
-45.0
-35.94032957526012
-45.0
-45.0
-45.0
-45.0
-45.0
-45.0
-45.0
-45.0
-45.0
-45.0
-45.0
-45.0
-45.0
-45.0
-45.0
-45.0
-45.0
-32.488909486351815
-45.0
-39.849622116996805
-45.0
-45.0
-45.0
-45.0
-45.0
-45.0
-45.0
-45.0
-39.27270424444362
-45.0
-45.0
-45.0
-45.0
-45.0
-45.0
-45.0
-45.0
-45.0
-45.0
-45.0
-45.0
-45.0
-45.0
-45.0
-45.0
-45.0
-45.0
-45.0
-45.0
-45.0
-45.0
-45.0
-45.0
-45.0
-45.0
-45.0
-45.0
-45.0
-45.0
-45.0
31.56321716202396
30.53251741408809
32.4767392660287
32.22001741408809
32.34089550635562
33.25071716202396
32.90339550635562
41.28429601441374
41.28429601441374
-45.0
-45.0
-35.27969601327887
-43.519749576128454
-45.0
-45.0
-45.0
-45.0
-45.0
-45.0
-45.0
-45.0
-45.0
-45.0
-45.0
-45.0
-45.0
-45.0
-45.0
-45.0
-45.0
-45.0
-45.0
-45.0
-45.0
-45.0
-45.0
-45.0
-45.0
-45.0
-45.0
-45.0
-45.0
-45.0
-45.0
-45.0
-45.0
-45.0
-45.0
-45.0
-45.0
-45.0
-45.0
-45.0
-45.0
-45.0
-45.0
-45.0
-45.0
-45.0
-45.0
-45.0
-45.0
-45.0
-45.0
-45.0
-45.0
-45.0
-45.0
-45.0
-45.0
-45.0
-45.0
-45.0
-45.0
-45.0
-45.0
-45.0
-45.0
-45.0
-45.0
-45.0
-45.0
-45.0
-45.0
-45.0
-45.0
-45.0
-45.0
-45.0
-45.0
-45.0
-45.0
-45.0
-45.0
-45.0
-45.0
-45.0
-45.0
-45.0
-45.0
-45.0
-45.0
-45.0
-45.0
-45.0
-45.0
-45.0
-45.0
-45.0
-45.0
-45.0
-45.0
-45.0
-45.0
-45.0
-45.0
-45.0
-45.0
-45.0
-45.0
-45.0
-45.0
-45.0
-45.0
-45.0
-45.0
-45.0
-45.0
-45.0
-45.0
-45.0
-45.0
-45.0
-45.0
-45.0
-45.0
-45.0
-45.0
-45.0
-45.0
-45.0
-45.0
-45.0
-45.0
-45.0
-45.0
-45.0
-45.0
-45.0
-45.0
-45.0
-45.0
-45.0
-45.0
-45.0
-45.0
-45.0
-45.0
-45.0
-45.0
-45.0
-45.0
-45.0
-45.0
-45.0
-45.0
-45.0
-45.0
-45.0
-45.0
-45.0
-45.0
-45.0
-45.0
-45.0
-45.0
-45.0
-45.0
-45.0
-45.0
-45.0
-45.0
-45.0
-45.0
-45.0
-45.0
-45.0
-45.0
-45.0
-45.0
-45.0
-45.0
-45.0
-45.0
-45.0
-45.0
-45.0
-45.0
-45.0
-45.0
-45.0
-45.0
-45.0
-45.0
-45.0
-45.0
-45.0
-45.0
-45.0
-45.0
-45.0
-45.0
-45.0
-45.0
-45.0
-45.0
-45.0
-45.0
-45.0
-45.0
-45.0
-45.0
-45.0
-45.0
-45.0
-45.0
-45.0
-45.0
-45.0
-45.0
-45.0
-45.0
-45.0
-45.0
-45.0
-45.0
-45.0
-45.0
-45.0
-45.0
-45.0
-45.0
-45.0
-45.0
-45.0
-45.0
-45.0
-45.0
-45.0
-45.0
-45.0
-45.0
-45.0
-45.0
-45.0
-45.0
-45.0
-45.0
-45.0
-45.0
-45.0
-45.0
-45.0
-45.0
-45.0
-45.0
-45.0
-45.0
-45.0
-45.0
-45.0
-45.0
-45.0
-45.0
-45.0
-45.0
-45.0
-45.0
-45.0
-45.0
-45.0
-45.0
-45.0
-45.0
-45.0
-45.0
-45.0
-45.0
-45.0
-45.0
-45.0
-45.0
-45.0
-45.0
-45.0
-45.0
-45.0
-45.0
-45.0
-45.0
-45.0
-45.0
-45.0
-45.0
-45.0
-45.0
-45.0
-45.0
-45.0
-45.0
-45.0
-45.0
-45.0
-45.0
-45.0
-45.0
-45.0
-45.0
-45.0
-45.0
-45.0
-45.0
-45.0
-45.0
-45.0
-45.0
-45.0
-45.0
-45.0
-45.0
-45.0
-45.0
-45.0
-45.0
-45.0
-45.0
-45.0
-45.0
-45.0
-45.0
-45.0
-45.0
-45.0
-45.0
-45.0
-45.0
-45.0
-45.0
-45.0
-45.0
-45.0
-45.0
-45.0
-45.0
-45.0
-45.0
-45.0
-45.0
-45.0
-45.0
-45.0
-45.0
-45.0
-45.0
-45.0
-45.0
-45.0
-45.0
-45.0
-45.0
-45.0
-45.0
-45.0
-45.0
-45.0
-45.0
-45.0
-45.0
-45.0
-45.0
-45.0
-45.0
-45.0
-45.0
-45.0
-45.0
-45.0
-45.0
-45.0
-45.0
-45.0
-45.0
-45.0
-45.0
-45.0
-45.0
-45.0
-45.0
-45.0
-45.0
-45.0
-45.0
-45.0
-45.0
-45.0
-45.0
-45.0
-45.0
-45.0
-45.0
-45.0
-45.0
-45.0
-45.0
-45.0
-45.0
-45.0
-45.0
-45.0
-45.0
-45.0
-45.0
-45.0
-45.0
-45.0
-45.0
-45.0
-45.0
-45.0
-45.0
-45.0
-45.0
-45.0
-45.0
-45.0
-45.0
-45.0
-45.0
-45.0
-45.0
-45.0
-45.0
-45.0
-45.0
-45.0
-45.0
-45.0
-45.0
-45.0
-45.0
-45.0
-45.0
-45.0
-45.0
-45.0
-45.0
-45.0
-45.0
-45.0
-45.0
-45.0
-45.0
-45.0
-45.0
-45.0
-45.0
-45.0
-45.0
-45.0
-45.0
-45.0
-45.0
-45.0
-45.0
-45.0
-45.0
-45.0
-18.977657743129
-45.0
-45.0
-45.0
-45.0
-45.0
-45.0
-45.0
-45.0
-45.0
-45.0
-45.0
-45.0
-45.0
-45.0
-45.0
-45.0
-45.0
-42.69994514389552
-45.0
-45.0
-45.0
-45.0
-45.0
-45.0
-45.0
-45.0
-45.0
-45.0
-45.0
-45.0
-45.0
-45.0
-45.0
-45.0
-45.0
-45.0
-45.0
-45.0
-45.0
-45.0
-45.0
-45.0
-45.0
-45.0
-45.0
-45.0
-45.0
-45.0
-45.0
-45.0
-45.0
-45.0
-45.0
-45.0
-45.0
-45.0
-45.0
-45.0
-45.0
-45.0
-45.0
-45.0
-45.0
-45.0
-45.0
-45.0
-45.0
-45.0
-45.0
-45.0
-45.0
-45.0
-45.0
-45.0
-45.0
-45.0
-45.0
-45.0
-45.0
-45.0
-45.0
-45.0
-45.0
-45.0
-45.0
-45.0
-45.0
-45.0
-45.0
-45.0
-45.0
-45.0
-45.0
-45.0
-45.0
-45.0
-45.0
-45.0
-45.0
-45.0
-45.0
-45.0
-45.0
-45.0
-45.0
-45.0
-45.0
-45.0
-45.0
-45.0
-45.0
-45.0
-45.0
-45.0
-45.0
-45.0
-45.0
-45.0
-45.0
-45.0
-45.0
-45.0
-45.0
-45.0
-45.0
-45.0
-45.0
-45.0
-45.0
-45.0
-45.0
-45.0
-45.0
-45.0
-45.0
-45.0
-45.0
-45.0
-45.0
-45.0
-45.0
-45.0
-45.0
-45.0
-45.0
-45.0
-45.0
-45.0
-45.0
-45.0
-45.0
-45.0
-45.0
-45.0
-45.0
-45.0
-45.0
-45.0
-45.0
-45.0
-45.0
-45.0
-45.0
-45.0
-45.0
-45.0
-45.0
-45.0
-45.0
-45.0
-45.0
-45.0
-45.0
-45.0
-45.0
-45.0
-45.0
-45.0
-45.0
-45.0
-45.0
-45.0
-45.0
-45.0
-45.0
-45.0
-45.0
-45.0
-45.0
-45.0
-45.0
-45.0
-45.0
-45.0
-45.0
-45.0
-45.0
-45.0
-45.0
-45.0
-45.0
-45.0
-45.0
-45.0
-45.0
-45.0
-45.0
-45.0
-45.0
-45.0
-45.0
-45.0
-45.0
-45.0
-45.0
-45.0
-45.0
-45.0
-45.0
-45.0
-45.0
-45.0
-45.0
-45.0
-45.0
-45.0
-45.0
-45.0
-45.0
-45.0
-45.0
-45.0
-45.0
-45.0
-45.0
-45.0
-45.0
-45.0
-45.0
-45.0
-45.0
-45.0
-45.0
-45.0
-45.0
-45.0
-45.0
-45.0
-45.0
-45.0
-45.0
-45.0
-45.0
-45.0
-45.0
-45.0
-45.0
-45.0
-45.0
-45.0
-45.0
-45.0
-45.0
-45.0
-45.0
-45.0
-45.0
-45.0
-45.0
-45.0
-45.0
-45.0
-45.0
-45.0
-45.0
-45.0
-45.0
-45.0
-45.0
-45.0
-45.0
-45.0
-45.0
-45.0
-45.0
-45.0
-45.0
-45.0
-45.0
-45.0
-45.0
-45.0
-45.0
-45.0
-45.0
-45.0
-45.0
-45.0
-45.0
-45.0
-45.0
-45.0
-45.0
-45.0
-45.0
-45.0
-45.0
-45.0
-45.0
-45.0
-45.0
-45.0
-45.0
-45.0
-45.0
-45.0
-45.0
-45.0
-45.0
-45.0
-45.0
-45.0
-45.0
-45.0
-45.0
-45.0
-45.0
-45.0
-45.0
-45.0
-45.0
-45.0
-45.0
-45.0
-45.0
-45.0
-45.0
-45.0
-45.0
-45.0
-45.0
-45.0
-45.0
-45.0
-45.0
-45.0
-45.0
-45.0
-45.0
-45.0
-45.0
-45.0
-45.0
-45.0
-45.0
-45.0
-45.0
-45.0
-45.0
-45.0
-45.0
-45.0
-45.0
-45.0
-45.0
-45.0
-45.0
-45.0
-45.0
-45.0
-45.0
-45.0
-45.0
-45.0
-45.0
-45.0
-45.0
-45.0
-45.0
-45.0
-45.0
-45.0
-45.0
-45.0
-45.0
-45.0
-45.0
-45.0
-45.0
-45.0
-45.0
-45.0
-45.0
-45.0
-45.0
-45.0
-45.0
-45.0
-45.0
-45.0
-45.0
-45.0
-45.0
-45.0
-45.0
-45.0
-45.0
-45.0
-45.0
-45.0
-45.0
-45.0
-45.0
-45.0
-45.0
-45.0
-45.0
-45.0
-45.0
-45.0
-45.0
-45.0
-45.0
-45.0
-45.0
-45.0
-45.0
-45.0
-45.0
-45.0
-45.0
-45.0
-45.0
-45.0
-45.0
-45.0
-45.0
-45.0
-45.0
-45.0
-45.0
-45.0
-45.0
-45.0
-45.0
-45.0
-45.0
-45.0
-45.0
-45.0
-45.0
-45.0
-45.0
-45.0
-45.0
-45.0
-45.0
-45.0
-45.0
-45.0
-45.0
-45.0
-45.0
-45.0
-45.0
-45.0
-45.0
-45.0
-45.0
-45.0
-45.0
-45.0
-45.0
-45.0
-45.0
-45.0
-45.0
-45.0
-45.0
-45.0
-45.0
-45.0
-45.0
-45.0
-45.0
-45.0
-45.0
-45.0
-45.0
-45.0
-45.0
-45.0
-45.0
-45.0
-45.0
-45.0
-45.0
-45.0
-45.0
-45.0
-45.0
-45.0
-45.0
-45.0
-45.0
-45.0
-45.0
-45.0
-45.0
-45.0
-45.0
-45.0
-45.0
-45.0
-45.0
-45.0
-45.0
-45.0
-45.0
-45.0
-45.0
-45.0
-45.0
-45.0
-45.0
-45.0
-45.0
-45.0
-45.0
-45.0
-45.0
-45.0
-45.0
-45.0
-45.0
-45.0
-45.0
-45.0
-45.0
-45.0
-45.0
-45.0
-45.0
-45.0
-45.0
-45.0
-45.0
-45.0
-45.0
-45.0
-45.0
-45.0
-45.0
-45.0
-45.0
-45.0
-45.0
-45.0
-45.0
-45.0
-45.0
-45.0
-45.0
-45.0
-45.0
-45.0
-45.0
-45.0
-45.0
-45.0
-45.0
-45.0
-45.0
-45.0
-45.0
-45.0
-45.0
-45.0
-45.0
-45.0
-45.0
-45.0
-45.0
-45.0
-45.0
-45.0
-45.0
-45.0
-45.0
-45.0
-45.0
-45.0
-45.0
-45.0
-45.0
-45.0
-45.0
-45.0
-45.0
-45.0
-45.0
-45.0
-45.0
-45.0
-45.0
-45.0
-45.0
-45.0
-45.0
-45.0
-45.0
-45.0
-45.0
-45.0
-45.0
-45.0
-45.0
-45.0
-45.0
-45.0
-45.0
-45.0
-45.0
-45.0
-45.0
-45.0
-45.0
-45.0
-45.0
-45.0
-45.0
-45.0
-45.0
-45.0
-45.0
-45.0
-45.0
-45.0
-45.0
-45.0
-45.0
-45.0
-45.0
-45.0
-45.0
-45.0
-45.0
-45.0
-45.0
-45.0
-45.0
-45.0
-45.0
-45.0
-45.0
-45.0
-45.0
-45.0
-45.0
-45.0
-45.0
-45.0
-45.0
-45.0
-45.0
-45.0
-45.0
-45.0
-45.0
-45.0
-45.0
-45.0
-45.0
-45.0
-45.0
-45.0
-45.0
-45.0
-45.0
-45.0
-45.0
-45.0
-45.0
-45.0
-45.0
-45.0
-45.0
-45.0
-45.0
-45.0
-45.0
-45.0
-45.0
-45.0
-45.0
-45.0
-45.0
-45.0
-45.0
-45.0
-45.0
-45.0
-45.0
-45.0
-45.0
-45.0
-45.0
-45.0
-45.0
-45.0
-45.0
-45.0
-45.0
-45.0
-45.0
-45.0
-45.0
-45.0
-45.0
-45.0
-45.0
-45.0
-45.0
-45.0
-45.0
-45.0
-45.0
-45.0
-45.0
-45.0
-45.0
-45.0
-45.0
-45.0
-45.0
-45.0
-45.0
-45.0
-45.0
-45.0
-45.0
-45.0
-45.0
-45.0
-45.0
-45.0
-45.0
-45.0
-45.0
-45.0
-45.0
-45.0
-45.0
-45.0
-45.0
-45.0
-45.0
-45.0
-45.0
-45.0
-45.0
-45.0
-45.0
-45.0
-45.0
-45.0
-45.0
-45.0
-45.0
-45.0
-45.0
-45.0
-45.0
-45.0
-45.0
-45.0
-45.0
-45.0
-45.0
-45.0
-45.0
-45.0
-45.0
-45.0
-45.0
-45.0
-45.0
-45.0
-45.0
-45.0
-45.0
-45.0
-45.0
-45.0
-45.0
-45.0
-45.0
-45.0
-45.0
-45.0
-45.0
-45.0
-45.0
-45.0
-45.0
-45.0
-45.0
-45.0
-45.0
-45.0
-45.0
-45.0
-45.0
-45.0
-45.0
-45.0
-45.0
-45.0
-45.0
-45.0
-45.0
-45.0
-45.0
-45.0
-45.0
-45.0
-45.0
-45.0
-45.0
-45.0
-45.0
-45.0
-45.0
-45.0
-45.0
-45.0
-45.0
-45.0
-45.0
-45.0
-45.0
-45.0
-45.0
-45.0
-45.0
-45.0
-45.0
-45.0
-45.0
-45.0
-45.0
-45.0
-45.0
-45.0
-45.0
-45.0
-45.0
-45.0
-45.0
-45.0
-45.0
-45.0
-45.0
-45.0
-45.0
-45.0
-45.0
-45.0
-45.0
-45.0
-45.0
-45.0
-45.0
-45.0
-45.0
-45.0
-45.0
-45.0
-45.0
-45.0
-45.0
-45.0
-45.0
-45.0
-45.0
-45.0
-45.0
-45.0
-45.0
-45.0
-45.0
-45.0
-45.0
-45.0
-45.0
-45.0
-45.0
-45.0
-45.0
-45.0
-45.0
-45.0
-45.0
-45.0
-45.0
-45.0
-45.0
-45.0
-45.0
-45.0
-45.0
-45.0
-45.0
-45.0
-45.0
-45.0
-45.0
-45.0
-45.0
-45.0
-45.0
-45.0
-45.0
-45.0
-45.0
-45.0
-45.0
-45.0
-45.0
-45.0
-45.0
-45.0
-45.0
-45.0
-45.0
-45.0
-45.0
-45.0
-45.0
-45.0
-45.0
-45.0
-45.0
-45.0
-45.0
-45.0
-45.0
-45.0
-45.0
-45.0
-45.0
-45.0
-45.0
-45.0
-45.0
-45.0
-45.0
-45.0
-45.0
-45.0
-45.0
-45.0
-45.0
-45.0
-45.0
-45.0
-45.0
-45.0
-45.0
-45.0
-45.0
-45.0
-45.0
-45.0
-45.0
-45.0
-45.0
-45.0
-45.0
-45.0
-45.0
-45.0
-45.0
-45.0
-45.0
-45.0
-45.0
-45.0
-45.0
-45.0
-45.0
-45.0
-45.0
-45.0
-45.0
-45.0
-45.0
-45.0
-45.0
-45.0
-45.0
-45.0
-45.0
-45.0
-45.0
-45.0
-45.0
-45.0
-45.0
-45.0
-45.0
-45.0
-45.0
-45.0
-45.0
-45.0
-45.0
-45.0
-45.0
-45.0
-45.0
-45.0
-45.0
-45.0
-45.0
-45.0
-45.0
-45.0
-45.0
-45.0
-45.0
-45.0
-45.0
-45.0
-45.0
-45.0
-45.0
-45.0
-45.0
-45.0
-45.0
-45.0
-45.0
-45.0
-45.0
-45.0
-45.0
-45.0
-45.0
-45.0
-45.0
-45.0
-45.0
-45.0
-45.0
-45.0
-45.0
-45.0
-45.0
-45.0
-45.0
-45.0
-45.0
-45.0
-45.0
-45.0
-45.0
-45.0
-45.0
-45.0
-45.0
-45.0
-45.0
-45.0
-45.0
-45.0
-45.0
-45.0
-45.0
-45.0
-45.0
-45.0
-45.0
-45.0
-45.0
-45.0
-45.0
-45.0
-45.0
-45.0
-45.0
-45.0
-45.0
-45.0
-45.0
-45.0
-45.0
-45.0
-45.0
-45.0
-45.0
-45.0
-45.0
-45.0
-45.0
-45.0
-45.0
-45.0
-45.0
-45.0
-45.0
-45.0
-45.0
-45.0
-45.0
-45.0
-45.0
-45.0
-45.0
-45.0
-45.0
-45.0
-45.0
-45.0
-45.0
-45.0
-45.0
-45.0
-45.0
-45.0
-45.0
-45.0
-45.0
-45.0
-45.0
-45.0
-45.0
-45.0
-45.0
-45.0
-45.0
-45.0
-45.0
-45.0
-45.0
-45.0
-45.0
-45.0
-45.0
-45.0
-45.0
-45.0
-45.0
-45.0
-45.0
-45.0
-45.0
-45.0
-45.0
-45.0
-45.0
-45.0
-45.0
-45.0
-45.0
-45.0
-45.0
-45.0
-45.0
-45.0
-45.0
-45.0
-45.0
-45.0
-45.0
-45.0
-45.0
-45.0
-45.0
-45.0
-45.0
-45.0
-45.0
-45.0
-45.0
-45.0
-45.0
-45.0
-45.0
-45.0
-45.0
-45.0
-45.0
-45.0
-45.0
-45.0
-45.0
-45.0
-45.0
-45.0
-45.0
-45.0
-45.0
-45.0
-45.0
-45.0
-45.0
-45.0
-45.0
-45.0
-45.0
-45.0
-45.0
-45.0
-45.0
-45.0
-45.0
-45.0
-45.0
-45.0
-45.0
-45.0
-45.0
-45.0
-45.0
-45.0
-45.0
-45.0
-45.0
-45.0
-45.0
-45.0
-45.0
-45.0
-45.0
-45.0
-45.0
-45.0
-45.0
-45.0
-45.0
-45.0
-45.0
-45.0
-45.0
-45.0
-45.0
-45.0
-45.0
-45.0
-45.0
-45.0
-45.0
-45.0
-45.0
-45.0
-45.0
-45.0
-45.0
-45.0
-45.0
-45.0
-45.0
-45.0
-45.0
-45.0
-45.0
-45.0
-45.0
-45.0
-45.0
-45.0
-45.0
-45.0
-45.0
43.34110941583258
43.34110941583258
43.755223539000426
44.169858815508604
44.169858815508604
44.169858815508604
44.584842256871
44.584842256871
45.0
45.0
45.0
44.584842256871
45.0
45.0
44.584842256871
44.584842256871
44.584842256871
44.584842256871
45.0
45.0
45.0
45.0
44.584842256871
45.0
44.584842256871
45.0
44.584842256871
44.169858815508604
44.584842256871
44.584842256871
45.0
45.0
44.584842256871
45.0
45.0
45.0
45.0
45.0
45.0
44.584842256871
45.0
44.584842256871
44.584842256871
44.584842256871
45.0
44.584842256871
45.0
44.584842256871
44.584842256871
45.0
45.0
43.34110941583258
-45.0
-45.0
-45.0
-45.0
-45.0
-45.0
-45.0
-45.0
-45.0
-45.0
-45.0
-45.0
-45.0
-45.0
-45.0
-45.0
-45.0
-45.0
-45.0
-45.0
-45.0
-45.0
-45.0
-45.0
-45.0
-45.0
-45.0
-45.0
43.34110941583258
-45.0
-45.0
43.34110941583258
-45.0
-45.0
43.34110941583258
-45.0
-45.0
-45.0
-45.0
-45.0
-45.0
-45.0
-45.0
-45.0
-45.0
-45.0
-45.0
-45.0
-45.0
-45.0
-45.0
-45.0
-45.0
-45.0
-45.0
-45.0
-45.0
-45.0
-45.0
-45.0
-45.0
-45.0
-45.0
-45.0
-45.0
-45.0
-45.0
-45.0
-45.0
-45.0
-45.0
-45.0
-45.0
-45.0
-45.0
-45.0
-45.0
43.34110941583258
43.34110941583258
43.34110941583258
43.755223539000426
43.755223539000426
43.755223539000426
-45.0
-45.0
43.755223539000426
43.727657743129
43.459842256871
43.044858815508604
-23.467196013278873
-23.65200401290536
-24.213756532073525
-24.213756532073525
-24.213756532073525
-24.394749576128454
-24.394749576128454
-24.776256532073525
42.4010549738245
42.94200297874727
43.00655687751791
42.9635549738245
43.00655687751791
42.94200297874727
42.507087847705506
43.00655687751791
41.560548198330736
42.43275178314269
41.560548198330736
43.00655687751791
42.06106523105785
42.54280838998744
-18.427548698133357
42.08520424444362
42.03324275056295
42.507087847705506
42.507087847705506
41.560548198330736
42.06106523105785
41.54128263986544
43.051082626179095
41.52741505993211
36.82894243775053
43.00655687751791
42.507087847705506
42.507087847705506
36.92545377310611
43.051082626179095
42.03324275056295
42.507087847705506
42.03324275056295
41.54128263986544
42.06106523105785
36.76740412704504
42.03324275056295
43.00655687751791
41.54128263986544
42.534714453867394
42.99525178314269
41.560548198330736
42.99525178314269
41.04046209333035
42.08991505993211
41.560548198330736
-17.584842256871
42.06106523105785
-17.145092977929238
43.051082626179095
41.54128263986544
41.03045584513211
42.06106523105785
38.42372910444263
42.08991505993211
41.560548198330736
41.01803974411318
41.05085305760318
37.463771796396145
41.04046209333035
42.57982114685632
42.01732114685632
42.43275178314269
42.01732114685632
42.54280838998744
41.560548198330736
42.44405687751791
42.54280838998744
41.98030838998744
42.54280838998744
42.06106523105785
41.560548198330736
41.560548198330736
42.84086345276579
42.57982114685632
42.507087847705506
42.99525178314269
42.44405687751791
42.03324275056295
36.628837721436284
42.44405687751791
37.15485322661657
42.9635549738245
42.03324275056295
42.922000187540334
42.00639375209167
42.507087847705506
41.574015094333916
42.44405687751791
42.84294991975135
42.88182084536308
42.84294991975135
44.2357795882962
42.984870364055155
42.57231187055214
42.57231187055214
42.57231187055214
42.15889058416742
42.00981187055214
-17.557276460999574
-28.807276460999574
41.744776460999574
42.15889058416742
42.15889058416742
43.13481187055214
41.892641184491396
41.892641184491396
42.72139058416742
41.892641184491396
42.869776460999574
42.15889058416742
42.15889058416742
42.15889058416742
42.15889058416742
42.15889058416742
41.892641184491396
42.307276460999574
41.744776460999574
41.892641184491396
41.477657743129
41.892641184491396
41.744776460999574
41.744776460999574
-17.852657743129
-20.81456300568417
42.15889058416742
42.15889058416742
41.892641184491396
42.15889058416742
42.455141184491396
-17.852657743129
-17.408890584167423
-25.519749576128454
-17.852657743129
-25.519749576128454
-28.244776460999574
42.307276460999574
41.744776460999574
-28.244776460999574
41.744776460999574
41.892641184491396
41.744776460999574
41.744776460999574
41.744776460999574
-17.408890584167423
42.15889058416742
42.307276460999574
42.15889058416742
41.744776460999574
42.869776460999574
42.72139058416742
42.57231187055214
42.307276460999574
41.892641184491396
42.307276460999574
34.26244514389552
42.307276460999574
42.307276460999574
42.15889058416742
42.15889058416742
32.001263264098085
42.15889058416742
42.57231187055214
42.72139058416742
42.15889058416742
42.72139058416742
42.57231187055214
42.57231187055214
42.57231187055214
43.13481187055214
43.13481187055214
42.984870364055155
43.28389058416742
43.28389058416742
42.984870364055155
42.57231187055214
42.72139058416742
42.72139058416742
42.72139058416742
42.72139058416742
42.72139058416742
42.72139058416742
42.57231187055214
42.57231187055214
42.57231187055214
42.57231187055214
42.15889058416742
42.72139058416742
42.72139058416742
32.85961719502593
42.72139058416742
42.57231187055214
42.57231187055214
42.72139058416742
42.57231187055214
42.869776460999574
42.57231187055214
42.57231187055214
42.72139058416742
34.282533762989885
42.984870364055155
42.72139058416742
42.57231187055214
42.72139058416742
42.307276460999574
42.72139058416742
42.72139058416742
42.57231187055214
42.307276460999574
42.72139058416742
42.72139058416742
42.57231187055214
34.845033762989885
42.15889058416742
43.13481187055214
34.00555144954728
42.57231187055214
42.984870364055155
42.57231187055214
42.72139058416742
42.57231187055214
42.57231187055214
32.58925121141142
42.72139058416742
42.57231187055214
42.57231187055214
42.15889058416742
42.57231187055214
42.15889058416742
42.307276460999574
42.15889058416742
42.307276460999574
42.307276460999574
42.15889058416742
42.15889058416742
41.744776460999574
42.15889058416742
41.892641184491396
41.477657743129
41.477657743129
39.255223539000426
39.255223539000426
39.255223539000426
41.330141184491396
42.15889058416742
42.57231187055214
42.57231187055214
42.57231187055214
42.57231187055214
42.57231187055214
42.57231187055214
42.307276460999574
42.72139058416742
42.72139058416742
42.72139058416742
42.72139058416742
42.57231187055214
42.72139058416742
42.57231187055214
42.57231187055214
42.57231187055214
42.15889058416742
34.00555144954728
42.869776460999574
42.307276460999574
42.984870364055155
42.72139058416742
42.72139058416742
42.57231187055214
42.15889058416742
42.72139058416742
34.00555144954728
42.57231187055214
42.72139058416742
42.57231187055214
42.307276460999574
42.57231187055214
42.57231187055214
42.57231187055214
42.57231187055214
42.57231187055214
42.57231187055214
42.57231187055214
31.701720411703803
42.57231187055214
42.57231187055214
34.55567098018601
42.57231187055214
42.72139058416742
42.57231187055214
42.72139058416742
42.72139058416742
42.72139058416742
42.72139058416742
42.72139058416742
42.15889058416742
42.72139058416742
42.57231187055214
42.72139058416742
42.57231187055214
43.13481187055214
42.984870364055155
33.72474457847839
42.72139058416742
42.57231187055214
42.57231187055214
42.57231187055214
42.72139058416742
42.72139058416742
42.984870364055155
43.13481187055214
42.57231187055214
42.984870364055155
42.72139058416742
42.72139058416742
42.57231187055214
42.72139058416742
42.57231187055214
42.72139058416742
42.869776460999574
43.13481187055214
34.00555144954728
42.72139058416742
34.00555144954728
42.57231187055214
42.72139058416742
42.72139058416742
42.869776460999574
43.13481187055214
43.28389058416742
43.547370364055155
42.57231187055214
43.13481187055214
43.28389058416742
42.984870364055155
42.984870364055155
43.13481187055214
43.13481187055214
42.57231187055214
42.57231187055214
42.984870364055155
43.13481187055214
43.13481187055214
42.72139058416742
42.15889058416742
42.72139058416742
42.72139058416742
42.15889058416742
42.15889058416742
42.869776460999574
42.57231187055214
42.57231187055214
42.72139058416742
42.57231187055214
42.57231187055214
42.72139058416742
42.57231187055214
42.57231187055214
42.57231187055214
42.57231187055214
42.72139058416742
42.72139058416742
42.57231187055214
42.72139058416742
42.72139058416742
42.984870364055155
43.13481187055214
43.13481187055214
43.13481187055214
42.72139058416742
42.57231187055214
43.13481187055214
42.57231187055214
42.57231187055214
42.984870364055155
42.57231187055214
43.13481187055214
42.72139058416742
42.307276460999574
42.72139058416742
33.15175121141142
42.57231187055214
42.57231187055214
42.984870364055155
43.13481187055214
42.57231187055214
43.13481187055214
42.72139058416742
42.984870364055155
42.72139058416742
42.984870364055155
42.984870364055155
42.57231187055214
42.57231187055214
42.57231187055214
42.72139058416742
41.744776460999574
42.307276460999574
42.15889058416742
42.307276460999574
42.15889058416742
42.307276460999574
42.15889058416742
42.15889058416742
42.57231187055214
42.15889058416742
42.72139058416742
42.57231187055214
42.57231187055214
42.984870364055155
43.13481187055214
42.72139058416742
42.984870364055155
43.13481187055214
42.422370364055155
43.13481187055214
42.984870364055155
43.13481187055214
42.72139058416742
41.330141184491396
41.0625
41.477657743129
41.744776460999574
42.307276460999574
42.57231187055214
43.13481187055214
43.13481187055214
42.72139058416742
41.892641184491396
40.794858815508604
40.084842256871
39.40360941583258
30.345033762989885
41.0625
42.307276460999574
42.57231187055214
43.13481187055214
42.57231187055214
42.72139058416742
42.15889058416742
42.72139058416742
42.72139058416742
42.72139058416742
42.307276460999574
42.307276460999574
42.15889058416742
41.892641184491396
41.892641184491396
41.892641184491396
41.330141184491396
41.477657743129
41.477657743129
41.330141184491396
41.330141184491396
33.13744514389552
41.330141184491396
41.0625
41.330141184491396
41.330141184491396
41.330141184491396
41.477657743129
41.0625
41.477657743129
41.477657743129
41.477657743129
33.66434643390208
41.477657743129
41.477657743129
32.03724457847839
41.330141184491396
41.477657743129
41.330141184491396
41.330141184491396
41.330141184491396
41.330141184491396
41.330141184491396
41.330141184491396
41.477657743129
41.330141184491396
41.892641184491396
41.477657743129
40.915157743129
41.330141184491396
41.477657743129
41.744776460999574
41.744776460999574
41.892641184491396
41.892641184491396
41.892641184491396
41.892641184491396
41.330141184491396
41.892641184491396
41.744776460999574
42.15889058416742
41.330141184491396
41.892641184491396
41.744776460999574
41.892641184491396
41.892641184491396
41.892641184491396
41.330141184491396
41.477657743129
41.892641184491396
41.330141184491396
40.915157743129
40.915157743129
40.915157743129
40.915157743129
41.0625
41.0625
41.0625
40.915157743129
40.915157743129
40.647342256871
40.915157743129
40.647342256871
40.5
40.5
40.084842256871
40.5
40.084842256871
40.084842256871
39.669858815508604
39.669858815508604
39.669858815508604
40.084842256871
41.0625
31.470033762989885
39.669858815508604
38.728601752483925
38.577629635944845
15.46490688548122
15.46490688548122
15.46490688548122
15.46490688548122
-45.0
-45.0
-45.0
-45.0
-45.0
-45.0
-45.0
-45.0
-45.0
-45.0
-45.0
-45.0
-45.0
-45.0
-45.0
-45.0
-45.0
-45.0
-45.0
-45.0
-45.0
-45.0
-45.0
-45.0
-45.0
-45.0
-45.0
16.450032994559017
15.46490688548122
40.001951801669264
41.0625
40.52203790666965
39.42564732250224
38.99018812944786
39.140129635944845
38.42768812944786
39.40360941583258
38.99018812944786
38.84110941583258
38.577629635944845
38.577629635944845
39.55268812944786
38.99018812944786
38.577629635944845
38.42768812944786
38.42768812944786
38.84110941583258
39.140129635944845
39.817723539000426
38.99018812944786
38.99018812944786
38.99018812944786
38.99018812944786
39.40360941583258
38.99018812944786
38.84110941583258
39.40360941583258
38.577629635944845
40.541686661995016
40.55995699737292
40.541686661995016
40.52203790666965
40.53204415486789
40.541686661995016
40.564451801669264
39.96120091911709
40.54446025588682
15.46490688548122
15.46490688548122
-45.0
-45.0
-45.0
-45.0
-45.0
-45.0
-45.0
-45.0
-45.0
-45.0
-45.0
-45.0
-45.0
-45.0
-45.0
-45.0
-45.0
-45.0
-45.0
-45.0
-45.0
-45.0
-45.0
-45.0
-45.0
-45.0
-45.0
-45.0
-45.0
15.46490688548122
15.46490688548122
15.46490688548122
15.46490688548122
39.328385370541426
39.76121889875009
39.65765784105186
38.84110941583258
38.42768812944786
38.577629635944845
38.728601752483925
38.577629635944845
38.577629635944845
38.577629635944845
38.577629635944845
16.450032994559017
38.27860941583258
15.46490688548122
38.577629635944845
38.91008494006789
38.577629635944845
39.96120091911709
38.577629635944845
15.46490688548122
16.450032994559017
40.001951801669264
39.98196025588682
39.379269668285104
38.577629635944845
39.055412152294494
39.96120091911709
15.46490688548122
39.08990688548121
-45.0
-45.0
-45.0
-45.0
-45.0
38.577629635944845
38.015129635944845
38.166101752483925
38.166101752483925
-18.0
-18.234870364055148
-21.484765166433448
-22.77239140224834
-22.77239140224834
23.965123611898292
-24.455141184491396
-18.267641184491396
-22.370403471542183
-22.77239140224834
-21.882386863946202
-23.007386863946202
-18.646398247516075
-23.06043699431583
-24.455141184491396
-24.721390584167423
22.932903471542176
22.932903471542176
23.33489140224833
23.33489140224833
22.932903471542176
-22.2776236118983
-22.840703985586252
-22.278203985586252
-24.694886863946202
-25.6526236118983
-24.213756532073525
-27.591444064308824
-24.967474411461005
-22.77239140224834
-21.882386863946202
-22.67034774582781
23.734765166433448
-22.67034774582781
38.166101752483925
38.166101752483925
38.166101752483925
38.015129635944845
38.166101752483925
38.015129635944845
38.015129635944845
38.42768812944786
38.577629635944845
38.42768812944786
38.577629635944845
38.84110941583258
40.232358815508604
40.084842256871
40.67768812944786
40.827629635944845
39.96610941583258
39.702629635944845
16.450032994559017
15.46490688548122
-45.0
-45.0
-45.0
-45.0
-45.0
-45.0
-45.0
-45.0
-45.0
-45.0
-45.0
-45.0
-45.0
-45.0
-45.0
-45.0
-45.0
-45.0
-45.0
-45.0
39.96120091911709
41.0625
39.98196025588682
40.53204415486789
40.53204415486789
41.0625
40.52203790666965
40.54446025588682
40.541686661995016
39.98196025588682
41.020813338004984
40.541686661995016
39.72061242026551
40.03508494006789
39.76121889875009
-18.682276460999574
-24.307276460999574
-24.967474411461005
-25.901256532073525
-25.519749576128454
-25.519749576128454
-17.852657743129
-17.705141184491396
-45.0
-45.0
43.34110941583258
41.69326975884262
40.876839592765734
40.876839592765734
40.47105593569117
41.28429601441374
42.515129635944845
-45.0
-45.0
-45.0
-45.0
-45.0
-45.0
-45.0
-45.0
-45.0
-45.0
-45.0
-45.0
-45.0
-45.0
-45.0
-45.0
-45.0
-45.0
-45.0
-45.0
-45.0
-45.0
-45.0
-45.0
-45.0
-45.0
-45.0
-45.0
-45.0
-45.0
-45.0
-45.0
-45.0
-45.0
-45.0
-45.0
-45.0
-45.0
-45.0
-45.0
-45.0
-45.0
-45.0
-45.0
-45.0
-45.0
-45.0
-45.0
-45.0
-45.0
-45.0
-45.0
-45.0
-45.0
-45.0
-45.0
-45.0
-45.0
-45.0
-45.0
-45.0
-45.0
-45.0
-45.0
-45.0
-45.0
-45.0
-45.0
-45.0
-45.0
-45.0
-45.0
-45.0
-45.0
-45.0
-45.0
-45.0
-45.0
-45.0
-45.0
-45.0
-45.0
-45.0
-45.0
-45.0
-45.0
-45.0
-45.0
-45.0
-45.0
-45.0
-45.0
-45.0
-45.0
-45.0
-45.0
-45.0
-45.0
-45.0
-45.0
-45.0
-45.0
-45.0
-45.0
-45.0
-45.0
-45.0
-45.0
-45.0
-45.0
-45.0
-45.0
-45.0
-45.0
-45.0
-45.0
-45.0
-45.0
-45.0
-45.0
-45.0
-45.0
-45.0
-45.0
-45.0
-45.0
-45.0
-45.0
-45.0
-45.0
-45.0
-45.0
-45.0
-45.0
-45.0
-45.0
-45.0
-45.0
-45.0
-45.0
-45.0
-45.0
-45.0
-45.0
-45.0
-45.0
-45.0
-45.0
-45.0
-45.0
-45.0
-45.0
-45.0
-45.0
-45.0
-45.0
-45.0
-45.0
-45.0
-45.0
-45.0
-45.0
-45.0
-45.0
-45.0
-45.0
-45.0
-45.0
-45.0
-45.0
-45.0
-45.0
-45.0
-45.0
-45.0
-45.0
-45.0
-45.0
-45.0
-45.0
-45.0
-45.0
-45.0
-45.0
-45.0
-45.0
-45.0
-45.0
-45.0
-45.0
-45.0
-45.0
-45.0
-45.0
-45.0
-45.0
-45.0
-45.0
-45.0
-45.0
-45.0
-45.0
-45.0
-45.0
-45.0
-45.0
-45.0
-45.0
-45.0
-45.0
-45.0
-45.0
-45.0
-45.0
-45.0
-45.0
-45.0
-45.0
-45.0
-45.0
-45.0
-45.0
-45.0
-45.0
-45.0
-45.0
-45.0
-45.0
-45.0
-45.0
-45.0
-45.0
-45.0
-45.0
-45.0
-45.0
-45.0
-45.0
-45.0
-45.0
-45.0
-45.0
-45.0
-45.0
-45.0
-45.0
-45.0
-45.0
-45.0
-45.0
-45.0
-45.0
-45.0
-45.0
-45.0
-45.0
-45.0
-45.0
-45.0
-45.0
-45.0
-45.0
-45.0
-45.0
-45.0
-45.0
-45.0
-45.0
-45.0
-45.0
-45.0
-45.0
-45.0
-45.0
-45.0
-45.0
-45.0
-45.0
-45.0
-45.0
-45.0
-45.0
-45.0
-45.0
-45.0
-45.0
-45.0
-45.0
-45.0
-45.0
-45.0
-45.0
-45.0
-45.0
-45.0
-45.0
-45.0
-45.0
-45.0
-45.0
-45.0
-45.0
-45.0
-45.0
-45.0
-45.0
-45.0
-17.705141184491396
-16.432276460999574
-17.25981187055214
-17.852657743129
-17.852657743129
-17.852657743129
-17.852657743129
-18.682276460999574
-18.682276460999574
-17.82231187055214
-19.096390584167423
-18.682276460999574
-18.267641184491396
-18.267641184491396
-17.852657743129
-17.852657743129
-17.852657743129
-18.234870364055148
-17.82231187055214
-17.852657743129
-17.408890584167423
-18.234870364055148
-18.682276460999574
-18.682276460999574
-22.77239140224834
-19.922370364055148
-22.77239140224834
-18.646398247516075
-18.267641184491396
-18.267641184491396
-18.682276460999574
-18.682276460999574
-18.234870364055148
-18.682276460999574
-20.744230241157382
-18.234870364055148
-18.682276460999574
-17.82231187055214
-18.234870364055148
-18.682276460999574
-17.408890584167423
-17.408890584167423
-18.267641184491396
-17.408890584167423
-17.852657743129
-17.408890584167423
-45.0
-17.25981187055214
-17.25981187055214
-16.017641184491396
-17.408890584167423
-17.852657743129
-45.0
-17.25981187055214
-17.852657743129
-45.0
-17.705141184491396
-45.0
-17.25981187055214
-45.0
-17.705141184491396
-45.0
-45.0
-45.0
-45.0
-45.0
-45.0
-45.0
-45.0
-45.0
-45.0
-45.0
-45.0
-45.0
-45.0
-45.0
-45.0
-45.0
-45.0
-45.0
-45.0
-45.0
-45.0
-45.0
-45.0
-45.0
-45.0
-45.0
-45.0
-45.0
-45.0
-45.0
-45.0
-45.0
-45.0
-45.0
-45.0
-45.0
-45.0
-45.0
-45.0
-45.0
-45.0
-17.25981187055214
-45.0
-45.0
-45.0
-45.0
-45.0
-45.0
-45.0
-45.0
-45.0
-45.0
-45.0
-45.0
-45.0
-45.0
-45.0
-45.0
-45.0
-45.0
-45.0
-45.0
-45.0
-45.0
-45.0
-45.0
-45.0
-45.0
-45.0
-45.0
-45.0
-45.0
-45.0
-45.0
-45.0
-45.0
-45.0
-45.0
-45.0
-45.0
-45.0
-45.0
-45.0
-45.0
-14.625
-45.0
-14.490048698133357
-14.477657743129
-21.375
-45.0
-45.0
-45.0
-45.0
-45.0
-45.0
-45.0
-45.0
-45.0
-26.14739140224834
-26.944886863946202
-22.057276460999574
-26.547265166433448
-25.090703985586252
-19.834842256871
-20.25
-20.25
-20.25
-25.422265166433448
-25.903944064308824
-25.422265166433448
-25.02239140224834
-25.422265166433448
-25.422265166433448
-19.359870364055148
-19.50981187055214
-18.94731187055214
-18.682276460999574
-19.125
-19.244776460999574
-19.272342256871
-20.484870364055148
-23.403203985586252
-19.096390584167423
-18.830141184491396
-22.932903471542183
-23.403203985586252
-28.332249576128454
-28.332249576128454
-27.967196013278873
-27.40824319545719
-28.332249576128454
-45.0
-45.0
-45.0
-45.0
-45.0
-45.0
-45.0
-45.0
-45.0
-45.0
-45.0
-45.0
-45.0
-45.0
-45.0
-45.0
-45.0
-45.0
-45.0
-45.0
-45.0
-45.0
-45.0
-45.0
-45.0
-45.0
-45.0
-45.0
-45.0
-45.0
-45.0
-45.0
-45.0
-45.0
-45.0
-45.0
-45.0
-45.0
-45.0
-45.0
-45.0
-45.0
-45.0
-45.0
-45.0
-45.0
-45.0
-45.0
-45.0
-45.0
-45.0
-45.0
-45.0
-45.0
-45.0
-45.0
-45.0
-45.0
-45.0
-45.0
-45.0
-45.0
-45.0
-45.0
-45.0
-45.0
-45.0
-45.0
-45.0
-45.0
-45.0
-45.0
-45.0
-45.0
-45.0
-45.0
-45.0
-45.0
-45.0
-45.0
-45.0
-45.0
-45.0
-45.0
-45.0
-45.0
-45.0
-45.0
-45.0
-45.0
-45.0
-45.0
-45.0
-45.0
-45.0
-45.0
-45.0
-45.0
-45.0
-45.0
-45.0
-45.0
-45.0
-45.0
-45.0
-45.0
-45.0
-45.0
-45.0
-45.0
-45.0
-45.0
-45.0
-45.0
-45.0
-45.0
-45.0
-45.0
-45.0
-45.0
-45.0
-45.0
-45.0
-45.0
-45.0
-45.0
-45.0
-45.0
-45.0
-45.0
-45.0
-45.0
-45.0
-45.0
-45.0
-45.0
-45.0
-45.0
-45.0
-45.0
-45.0
-45.0
-45.0
-45.0
-45.0
-45.0
-45.0
-45.0
-45.0
-45.0
-45.0
-45.0
-45.0
-45.0
-45.0
-45.0
-45.0
-45.0
-45.0
-45.0
38.880472015194414
-45.0
-45.0
-45.0
-45.0
-45.0
-45.0
-45.0
-45.0
-45.0
-45.0
-45.0
-45.0
-45.0
-45.0
-45.0
-45.0
-45.0
-45.0
-45.0
-45.0
-45.0
-45.0
-45.0
-45.0
-45.0
-45.0
-45.0
-45.0
-45.0
-45.0
-45.0
-45.0
-45.0
-45.0
-45.0
-45.0
-45.0
-45.0
-45.0
-45.0
-45.0
-45.0
-45.0
-45.0
-45.0
-45.0
-45.0
-45.0
-45.0
-45.0
-45.0
-45.0
-45.0
-45.0
-45.0
-45.0
-45.0
-45.0
-45.0
-45.0
-45.0
-45.0
-45.0
-45.0
-45.0
-45.0
-45.0
-45.0
-45.0
-45.0
-45.0
-45.0
-45.0
-45.0
-45.0
-45.0
-45.0
-45.0
-45.0
-45.0
-45.0
-45.0
-45.0
-45.0
-45.0
-45.0
-45.0
-45.0
-45.0
-45.0
-45.0
-45.0
-45.0
-45.0
-45.0
-45.0
-45.0
-45.0
-45.0
-45.0
-45.0
-45.0
-45.0
-45.0
-45.0
-45.0
-45.0
-45.0
-45.0
-45.0
-45.0
-45.0
-45.0
-45.0
-45.0
-45.0
-45.0
-45.0
-45.0
-45.0
-45.0
-45.0
-45.0
-45.0
-45.0
-45.0
-45.0
-45.0
-45.0
-45.0
-45.0
-45.0
-45.0
-45.0
-45.0
-45.0
-45.0
-45.0
-45.0
-45.0
-45.0
-45.0
-45.0
-45.0
-45.0
-45.0
-45.0
-45.0
-45.0
-45.0
-45.0
-45.0
-45.0
-45.0
-45.0
-45.0
-45.0
-45.0
-45.0
-45.0
-45.0
-45.0
-45.0
-45.0
-45.0
-45.0
-45.0
-45.0
-45.0
-45.0
-45.0
-45.0
-45.0
-45.0
-45.0
-45.0
-45.0
-45.0
-45.0
-45.0
-45.0
-45.0
-45.0
-45.0
-45.0
-45.0
-45.0
-45.0
-45.0
-45.0
-45.0
-45.0
-45.0
-45.0
-45.0
-45.0
-45.0
-45.0
-45.0
-45.0
-45.0
-45.0
-45.0
-45.0
-45.0
-45.0
-45.0
-45.0
-45.0
-45.0
-45.0
-45.0
-45.0
-45.0
-45.0
-45.0
-45.0
-45.0
-45.0
-45.0
-45.0
-45.0
-45.0
-45.0
-45.0
-45.0
-45.0
-45.0
-45.0
-45.0
-45.0
-45.0
-45.0
-45.0
-45.0
-45.0
-45.0
-45.0
-45.0
-45.0
-45.0
-45.0
-45.0
-45.0
-45.0
-45.0
-45.0
-45.0
-45.0
-45.0
-45.0
-45.0
-45.0
-45.0
-45.0
-45.0
-45.0
-45.0
-45.0
-45.0
-45.0
-45.0
-45.0
-45.0
-45.0
-45.0
-45.0
-45.0
-45.0
-45.0
-45.0
-45.0
-45.0
-45.0
-45.0
-45.0
-45.0
-45.0
-45.0
-45.0
-45.0
-45.0
-45.0
-45.0
-45.0
-45.0
-45.0
-45.0
-45.0
-45.0
-45.0
-45.0
-45.0
-45.0
-45.0
-45.0
-45.0
-45.0
-45.0
-45.0
-45.0
-45.0
-45.0
-45.0
-45.0
-45.0
-45.0
-45.0
-45.0
-45.0
-45.0
-45.0
-45.0
-45.0
-45.0
-45.0
-45.0
-45.0
-45.0
-45.0
-45.0
-45.0
-45.0
-45.0
-45.0
-45.0
-45.0
-45.0
-45.0
-45.0
-45.0
-45.0
-45.0
-45.0
-45.0
-45.0
-45.0
-45.0
-45.0
-45.0
-45.0
-45.0
-45.0
-45.0
-45.0
-45.0
-45.0
-45.0
-45.0
-45.0
-45.0
-45.0
-45.0
-45.0
-45.0
-45.0
-45.0
-45.0
-45.0
-45.0
-45.0
-45.0
-45.0
-45.0
-45.0
-45.0
-45.0
-45.0
-45.0
-45.0
-45.0
-45.0
-45.0
-45.0
-45.0
-45.0
-45.0
-45.0
-45.0
-45.0
-45.0
-45.0
-45.0
-45.0
-45.0
-45.0
-45.0
-45.0
-45.0
-45.0
-45.0
-45.0
-45.0
-45.0
-45.0
-45.0
-45.0
-45.0
-45.0
-45.0
-45.0
-45.0
-45.0
-45.0
-45.0
-45.0
-45.0
-45.0
-45.0
-45.0
-45.0
-45.0
-45.0
-45.0
-45.0
-45.0
-45.0
-45.0
-45.0
-45.0
-45.0
-45.0
-45.0
-45.0
-45.0
-45.0
-45.0
-45.0
-45.0
-45.0
-45.0
-45.0
-45.0
-45.0
-45.0
-45.0
-45.0
-45.0
-45.0
-45.0
-45.0
-45.0
-45.0
-45.0
-45.0
-45.0
-45.0
-45.0
-45.0
-45.0
-45.0
-45.0
-45.0
-45.0
-45.0
-45.0
-45.0
-45.0
-45.0
-45.0
-45.0
-45.0
-45.0
-45.0
-45.0
-45.0
-45.0
-45.0
-45.0
-45.0
-45.0
-45.0
-45.0
-45.0
-45.0
-45.0
-45.0
-45.0
-45.0
-45.0
-45.0
-45.0
-45.0
-45.0
-45.0
-45.0
-45.0
-45.0
-45.0
-45.0
-45.0
-45.0
-45.0
-45.0
-45.0
-45.0
-45.0
-45.0
-45.0
-45.0
-45.0
-45.0
-45.0
-45.0
-45.0
-45.0
-45.0
-45.0
-45.0
-45.0
-45.0
-45.0
-45.0
-45.0
-45.0
-45.0
-45.0
-45.0
-45.0
-45.0
-45.0
-45.0
-45.0
-45.0
-45.0
-45.0
-45.0
-45.0
-45.0
-45.0
-45.0
-45.0
-45.0
-45.0
-45.0
-45.0
-45.0
-45.0
-45.0
-45.0
-45.0
-45.0
-45.0
-45.0
-45.0
-45.0
-45.0
-45.0
-45.0
-45.0
-45.0
-45.0
-45.0
-45.0
-45.0
-45.0
-45.0
-45.0
-45.0
-45.0
-45.0
-45.0
39.25126656591344
-45.0
-45.0
-45.0
-45.0
-45.0
-45.0
-45.0
-45.0
-45.0
-45.0
-45.0
-45.0
-45.0
-45.0
-45.0
-45.0
-45.0
-45.0
-45.0
-45.0
-45.0
-45.0
-45.0
-45.0
-45.0
-45.0
-45.0
-45.0
-45.0
-45.0
-45.0
-45.0
-45.0
-45.0
-45.0
-45.0
-45.0
-45.0
-45.0
-45.0
-45.0
-45.0
-45.0
-45.0
-45.0
-45.0
-45.0
-45.0
-45.0
-45.0
-45.0
-45.0
-45.0
-45.0
-45.0
-45.0
-45.0
-45.0
-45.0
-45.0
-45.0
-45.0
-45.0
-45.0
-45.0
-45.0
-45.0
-45.0
-45.0
-45.0
-45.0
-45.0
-45.0
-45.0
-45.0
-45.0
-45.0
-45.0
-45.0
-45.0
-45.0
-45.0
-45.0
-45.0
-45.0
-45.0
-45.0
-45.0
-45.0
-45.0
-45.0
-45.0
-45.0
-45.0
-45.0
-45.0
-45.0
-45.0
-45.0
-45.0
-45.0
-45.0
-45.0
-45.0
-45.0
-45.0
-45.0
-45.0
-45.0
-45.0
-45.0
-45.0
-45.0
-45.0
-45.0
-45.0
-45.0
-45.0
-45.0
-45.0
-45.0
-45.0
-45.0
-45.0
-45.0
-45.0
-45.0
-45.0
-45.0
-45.0
-45.0
-45.0
-45.0
-45.0
-45.0
-45.0
-45.0
-45.0
-45.0
-45.0
-45.0
-45.0
-45.0
-45.0
-45.0
-45.0
-45.0
-45.0
-45.0
-45.0
-45.0
-45.0
-45.0
-45.0
-45.0
-45.0
-45.0
-45.0
-45.0
-45.0
-45.0
-45.0
-45.0
-45.0
-45.0
-45.0
-45.0
-45.0
-45.0
-45.0
-45.0
-45.0
-45.0
-45.0
-45.0
-45.0
-45.0
-45.0
-45.0
-45.0
-45.0
-45.0
-45.0
-45.0
-45.0
-45.0
-45.0
-45.0
-45.0
-45.0
-45.0
-45.0
-45.0
-45.0
-45.0
-45.0
-45.0
-45.0
-45.0
-45.0
-45.0
-45.0
-45.0
-45.0
-45.0
-45.0
-45.0
-45.0
-45.0
-45.0
-45.0
-45.0
-45.0
-45.0
-45.0
-45.0
-45.0
-45.0
-45.0
-45.0
-45.0
-45.0
-45.0
-45.0
-45.0
-45.0
-45.0
-45.0
-45.0
-45.0
-45.0
-45.0
-45.0
-45.0
-45.0
-45.0
-45.0
-45.0
-45.0
-45.0
-45.0
-45.0
-45.0
-45.0
-45.0
-45.0
-45.0
-45.0
-45.0
-45.0
-45.0
-45.0
-45.0
-45.0
-45.0
-45.0
-45.0
-45.0
-45.0
-45.0
-45.0
-45.0
-45.0
-45.0
-45.0
-45.0
-45.0
-45.0
-45.0
-45.0
-45.0
-45.0
-45.0
-45.0
-45.0
-45.0
-45.0
-45.0
-45.0
-45.0
-45.0
-45.0
-45.0
-45.0
-45.0
-45.0
-45.0
-45.0
-45.0
-45.0
-45.0
-45.0
-45.0
-45.0
-45.0
-45.0
-45.0
-45.0
-45.0
-45.0
-45.0
-45.0
-45.0
-45.0
-45.0
-45.0
-45.0
-45.0
-45.0
-45.0
-45.0
-45.0
-45.0
-45.0
-45.0
-45.0
-45.0
-45.0
-45.0
-45.0
-45.0
-45.0
-45.0
-45.0
-45.0
-45.0
-45.0
-45.0
-45.0
-45.0
-45.0
-45.0
-45.0
-45.0
-45.0
39.442972015194414
-45.0
-45.0
-45.0
-45.0
-45.0
-45.0
-45.0
-45.0
-45.0
-45.0
-45.0
-45.0
-45.0
-45.0
-45.0
-45.0
-45.0
-45.0
-45.0
-45.0
-45.0
-45.0
-45.0
-45.0
-45.0
-45.0
-45.0
-45.0
-45.0
-45.0
-45.0
-45.0
-45.0
-45.0
-45.0
-45.0
-45.0
-45.0
-45.0
-45.0
-45.0
-45.0
-45.0
-45.0
-45.0
-45.0
-45.0
-45.0
-45.0
-45.0
-45.0
-45.0
-45.0
-45.0
-45.0
-45.0
-45.0
-45.0
-45.0
-45.0
-45.0
-45.0
-45.0
-45.0
-45.0
-45.0
-45.0
-45.0
-45.0
-45.0
-45.0
-45.0
-45.0
-45.0
-45.0
-45.0
-45.0
-45.0
-45.0
-45.0
-45.0
-45.0
-45.0
-45.0
-45.0
-45.0
-45.0
-45.0
-45.0
-45.0
-45.0
-45.0
-45.0
-45.0
-45.0
-45.0
-45.0
-45.0
-45.0
-45.0
-45.0
-45.0
-45.0
-45.0
-45.0
-45.0
-45.0
-45.0
-45.0
-45.0
-45.0
-45.0
-45.0
-45.0
-45.0
-45.0
-45.0
-45.0
-45.0
-45.0
-45.0
-45.0
-45.0
-45.0
-45.0
-45.0
-45.0
-45.0
-45.0
-45.0
-45.0
-45.0
-45.0
-45.0
-45.0
-45.0
-45.0
-45.0
-45.0
-45.0
-45.0
-45.0
-45.0
-45.0
-45.0
-45.0
-45.0
-45.0
-45.0
-45.0
-45.0
-45.0
-45.0
-45.0
-45.0
-45.0
-45.0
-45.0
-45.0
-45.0
-45.0
-45.0
-45.0
-45.0
-45.0
-45.0
-45.0
-45.0
-45.0
-45.0
-45.0
-45.0
-45.0
-45.0
-45.0
-45.0
-45.0
-45.0
-45.0
-45.0
-45.0
-45.0
-45.0
-45.0
-45.0
-45.0
-45.0
-45.0
-45.0
-45.0
-45.0
-45.0
-45.0
-45.0
-45.0
-45.0
-45.0
-45.0
-45.0
-45.0
-45.0
-45.0
-45.0
-45.0
-45.0
-45.0
-45.0
-45.0
-45.0
-45.0
-45.0
-45.0
-45.0
-45.0
-45.0
-45.0
-45.0
-45.0
-45.0
-45.0
-45.0
-45.0
-45.0
-45.0
-45.0
-45.0
-45.0
-45.0
-45.0
-45.0
-45.0
-45.0
-45.0
-45.0
-45.0
-45.0
-45.0
-45.0
-45.0
-45.0
-45.0
-45.0
-45.0
-45.0
-45.0
-45.0
-45.0
-45.0
-45.0
-45.0
-45.0
-45.0
-45.0
-45.0
-45.0
-45.0
-45.0
-45.0
-45.0
-45.0
-45.0
-45.0
-45.0
-45.0
-45.0
-45.0
-45.0
-45.0
-45.0
-45.0
-45.0
-45.0
-45.0
-45.0
-45.0
-45.0
-45.0
-45.0
-45.0
-45.0
-45.0
-45.0
-45.0
-45.0
-45.0
-45.0
-45.0
-45.0
-45.0
-45.0
-45.0
-45.0
-45.0
-45.0
-45.0
-45.0
-45.0
-45.0
-45.0
-45.0
-45.0
-45.0
-45.0
-45.0
-45.0
-45.0
-45.0
-45.0
-45.0
-45.0
-45.0
-45.0
-45.0
-45.0
-45.0
-45.0
-45.0
-45.0
-45.0
-45.0
-45.0
-45.0
-45.0
-45.0
-45.0
-45.0
-45.0
-45.0
-45.0
-45.0
-45.0
-45.0
-45.0
-45.0
-45.0
-45.0
-45.0
-45.0
-45.0
-45.0
-45.0
-45.0
-45.0
-45.0
-45.0
-45.0
-45.0
-45.0
-45.0
-45.0
-45.0
-45.0
-45.0
-45.0
-45.0
-45.0
-45.0
-45.0
-45.0
-45.0
-45.0
-45.0
-45.0
-45.0
-45.0
-45.0
-45.0
-45.0
-45.0
-45.0
-45.0
-45.0
-45.0
-45.0
-45.0
-45.0
-45.0
-45.0
-45.0
-45.0
-45.0
-45.0
-45.0
-45.0
-45.0
-45.0
-45.0
-45.0
-45.0
-45.0
-45.0
-45.0
-45.0
-45.0
-45.0
-45.0
-45.0
-45.0
-45.0
-45.0
-45.0
-45.0
-45.0
-45.0
-45.0
-45.0
-45.0
-45.0
-45.0
-45.0
-45.0
-45.0
-45.0
-45.0
-45.0
-45.0
-45.0
-45.0
-45.0
-45.0
-45.0
-45.0
-45.0
-45.0
-45.0
-45.0
-45.0
-45.0
-45.0
-45.0
-45.0
-45.0
-45.0
-45.0
-45.0
-45.0
-45.0
-45.0
-45.0
-45.0
-45.0
-45.0
-45.0
-45.0
-45.0
-45.0
-45.0
-45.0
-45.0
-45.0
-45.0
-45.0
-45.0
-45.0
-45.0
-45.0
-45.0
-45.0
-45.0
-45.0
-45.0
-45.0
-45.0
-45.0
-45.0
-45.0
-45.0
-45.0
-45.0
-45.0
-45.0
-45.0
-45.0
-45.0
-45.0
-45.0
-45.0
-45.0
-45.0
-45.0
-45.0
-45.0
-45.0
-45.0
-45.0
-45.0
-45.0
-45.0
-45.0
-45.0
-45.0
-45.0
-45.0
-45.0
-45.0
-45.0
-45.0
-45.0
-45.0
-45.0
-45.0
-45.0
-45.0
-45.0
-45.0
-45.0
-45.0
-45.0
-45.0
-45.0
-45.0
-45.0
-45.0
-45.0
-45.0
-45.0
-45.0
-45.0
-45.0
-45.0
-45.0
-45.0
-45.0
-45.0
-45.0
-45.0
-45.0
-45.0
-45.0
-45.0
-45.0
-45.0
-45.0
-45.0
-45.0
-45.0
-45.0
-45.0
-45.0
-45.0
-45.0
-45.0
-45.0
-45.0
-45.0
-45.0
-45.0
-45.0
-45.0
-45.0
-45.0
-45.0
-45.0
-45.0
-45.0
-45.0
-45.0
-45.0
-45.0
-45.0
-45.0
-45.0
-45.0
-45.0
-45.0
-45.0
-45.0
-45.0
-45.0
-45.0
-45.0
-45.0
-45.0
-45.0
-45.0
-45.0
-45.0
-45.0
-45.0
-45.0
-45.0
-45.0
-45.0
-45.0
-45.0
-45.0
-45.0
-45.0
-45.0
-45.0
-45.0
-45.0
-45.0
-45.0
-45.0
-45.0
-45.0
-45.0
-45.0
-45.0
-45.0
-45.0
-45.0
-45.0
-45.0
-45.0
-45.0
-45.0
-45.0
-45.0
-45.0
-45.0
-45.0
-45.0
-45.0
-45.0
-45.0
-45.0
-45.0
-45.0
-45.0
-45.0
-45.0
-45.0
-45.0
-45.0
-45.0
-45.0
-45.0
-45.0
-45.0
-45.0
-45.0
-45.0
-45.0
-45.0
-45.0
-45.0
-45.0
-45.0
-45.0
-45.0
-45.0
-45.0
-45.0
-45.0
-45.0
-45.0
-45.0
-45.0
-45.0
-45.0
-45.0
-45.0
-45.0
-45.0
-45.0
-45.0
-45.0
-45.0
-45.0
-45.0
-45.0
-45.0
-45.0
-45.0
-45.0
-45.0
-45.0
-45.0
-45.0
-45.0
-45.0
-45.0
-45.0
-45.0
-45.0
-45.0
45.0
45.0
44.90709547286778
-41.20373786962979
44.9962902950634
-36.80623094353452
45.0
-41.20373786962979
45.0
-41.20373786962979
-41.20373786962979
-41.20373786962979
-36.80623094353452
-36.80623094353452
-36.80623094353452
45.0
-36.80623094353452
45.0
45.0
44.81393872364268
-36.80623094353452
45.0
-41.20373786962979
-41.20373786962979
45.0
45.0
-36.80623094353452
-36.80623094353452
-23.05165665098911
45.0
44.9522125230033
44.74370261305587
-41.20373786962979
44.81393872364268
-41.20373786962979
45.0
44.9522125230033
45.0
-41.20373786962979
-41.20373786962979
-41.20373786962979
44.81393872364268
45.0
44.8295762164982
45.0
-41.20373786962979
-41.20373786962979
-41.20373786962979
45.0
45.0
45.0
45.0
45.0
45.0
45.0
45.0
-36.80623094353452
-36.80623094353452
44.81393872364268
45.0
45.0
-41.20373786962979
-40.14359637070116
-41.20373786962979
-41.979142396526775
44.74370261305587
45.0
44.335645391647006
45.0
45.0
-41.979142396526775
45.0
45.0
44.81393872364268
44.4375
-41.20373786962979
45.0
-23.11966338319845
-41.20373786962979
44.923412900065486
-41.20373786962979
-41.20373786962979
-41.20373786962979
-41.20373786962979
44.56932084536308
44.9522125230033
-41.20373786962979
45.0
45.0
45.0
45.0
45.0
45.0
44.81393872364268
45.0
-41.20373786962979
45.0
45.0
-41.20373786962979
-41.20373786962979
-40.988484989971646
-40.988484989971646
-41.979142396526775
45.0
45.0
44.9962902950634
45.0
44.62586453526299
44.290157743129
45.0
45.0
44.81393872364268
44.81393872364268
45.0
-41.20373786962979
45.0
45.0
-41.20373786962979
45.0
-40.988484989971646
-41.20373786962979
-40.988484989971646
45.0
45.0
45.0
44.859821684295724
45.0
45.0
-41.20373786962979
44.90709547286778
-41.20373786962979
-41.20373786962979
-41.20373786962979
45.0
-41.20373786962979
-41.20373786962979
45.0
-41.20373786962979
45.0
45.0
-41.20373786962979
-41.20373786962979
44.81393872364268
-41.20373786962979
45.0
44.9522125230033
-41.20373786962979
-41.20373786962979
45.0
-41.20373786962979
45.0
45.0
-41.20373786962979
-41.20373786962979
-41.20373786962979
44.81393872364268
45.0
45.0
45.0
45.0
45.0
45.0
45.0
45.0
45.0
44.90709547286778
45.0
44.4375
-41.20373786962979
-41.20373786962979
44.898145391647006
-41.20373786962979
44.898145391647006
-41.20373786962979
-36.80623094353452
-23.05165665098911
45.0
45.0
45.0
45.0
45.0
45.0
-41.979142396526775
44.859821684295724
45.0
-41.20373786962979
45.0
-41.20373786962979
44.74370261305587
45.0
-40.988484989971646
-40.988484989971646
-36.80623094353452
45.0
-36.80623094353452
-41.979142396526775
-41.84460312851347
-41.20373786962979
-41.20373786962979
-40.988484989971646
45.0
44.90709547286778
45.0
-36.80623094353452
44.9522125230033
45.0
-45.0
-36.80623094353452
-41.20373786962979
-41.20373786962979
-41.20373786962979
44.81393872364268
-45.0
45.0
-40.988484989971646
-41.20373786962979
-41.20373786962979
-41.20373786962979
-45.0
-41.20373786962979
-45.0
-45.0
-36.80623094353452
45.0
45.0
44.81393872364268
45.0
44.720278342105615
44.720278342105615
-41.20373786962979
-41.20373786962979
-41.20373786962979
-41.20373786962979
-41.20373786962979
-41.20373786962979
45.0
-40.988484989971646
-41.20373786962979
-40.988484989971646
44.7982795882962
-41.20373786962979
-36.80623094353452
45.0
45.0
45.0
45.0
-41.20373786962979
45.0
44.720278342105615
44.720278342105615
-41.20373786962979
-41.20373786962979
-41.20373786962979
-45.0
-41.20373786962979
-23.05165665098911
44.898145391647006
45.0
45.0
44.81393872364268
44.81393872364268
44.90709547286778
45.0
-45.0
45.0
-41.20373786962979
45.0
44.81393872364268
45.0
-41.20373786962979
-41.20373786962979
-40.988484989971646
45.0
45.0
45.0
-44.915972327589
44.90709547286778
44.76538280497407
-41.20373786962979
-41.20373786962979
-36.80623094353452
44.898145391647006
45.0
44.8295762164982
-40.988484989971646
45.0
-41.20373786962979
-45.0
-41.20373786962979
-40.988484989971646
-41.20373786962979
45.0
45.0
-40.988484989971646
45.0
44.76538280497407
44.81393872364268
-41.20373786962979
-40.988484989971646
45.0
-36.80623094353452
-23.05165665098911
45.0
45.0
44.81393872364268
44.9962902950634
44.720278342105615
-41.20373786962979
-40.988484989971646
-41.20373786962979
-41.20373786962979
-41.20373786962979
-41.20373786962979
44.81393872364268
-41.979142396526775
-41.20373786962979
45.0
-40.988484989971646
-40.988484989971646
44.9522125230033
45.0
-23.05165665098911
-36.80623094353452
-41.20373786962979
45.0
45.0
45.0
45.0
-41.20373786962979
44.81393872364268
45.0
45.0
45.0
-40.988484989971646
45.0
-41.20373786962979
-40.988484989971646
45.0
45.0
45.0
45.0
-40.988484989971646
45.0
45.0
-40.988484989971646
45.0
45.0
45.0
-41.20373786962979
45.0
44.74370261305587
-41.20373786962979
45.0
-41.20373786962979
-40.988484989971646
45.0
-40.988484989971646
45.0
-40.988484989971646
45.0
44.9962902950634
45.0
-36.80623094353452
44.9962902950634
-41.20373786962979
45.0
45.0
-41.20373786962979
45.0
-40.988484989971646
-36.80623094353452
-36.80623094353452
-36.80623094353452
45.0
-36.80623094353452
-40.988484989971646
-41.20373786962979
45.0
44.9962902950634
45.0
-40.988484989971646
44.7982795882962
45.0
44.74370261305587
45.0
45.0
-41.20373786962979
-41.20373786962979
-40.988484989971646
45.0
45.0
45.0
-41.20373786962979
44.81393872364268
45.0
45.0
-40.988484989971646
45.0
45.0
-41.979142396526775
-41.20373786962979
-41.20373786962979
45.0
-41.20373786962979
-41.20373786962979
-41.20373786962979
-41.20373786962979
45.0
44.81393872364268
45.0
-41.20373786962979
-41.20373786962979
-41.20373786962979
45.0
44.90709547286778
44.720278342105615
-40.988484989971646
45.0
45.0
45.0
-36.80623094353452
44.90709547286778
45.0
44.90709547286778
45.0
43.396398247516075
-41.979142396526775
45.0
45.0
-36.80623094353452
-40.988484989971646
-41.20373786962979
45.0
44.445587411276534
-40.988484989971646
-40.988484989971646
45.0
-41.20373786962979
-40.988484989971646
-23.05165665098911
45.0
-36.80623094353452
-41.20373786962979
45.0
45.0
45.0
44.7982795882962
-40.988484989971646
45.0
-36.80623094353452
-41.20373786962979
-36.80623094353452
44.81393872364268
45.0
45.0
-41.20373786962979
-23.05165665098911
-36.80623094353452
-40.988484989971646
45.0
45.0
-41.20373786962979
-41.20373786962979
-41.20373786962979
44.9522125230033
-41.20373786962979
45.0
-41.20373786962979
44.9962902950634
44.9962902950634
-41.20373786962979
-40.988484989971646
44.9522125230033
45.0
45.0
-41.20373786962979
-40.988484989971646
-41.20373786962979
-41.20373786962979
-41.20373786962979
45.0
-41.20373786962979
-41.20373786962979
-41.20373786962979
-40.988484989971646
-41.20373786962979
-41.20373786962979
45.0
45.0
-41.20373786962979
-41.20373786962979
-41.20373786962979
45.0
45.0
-40.988484989971646
-45.0
-41.20373786962979
-36.80623094353452
45.0
-45.0
-41.20373786962979
44.90709547286778
44.90709547286778
44.81393872364268
-41.20373786962979
-36.80623094353452
-36.80623094353452
-41.20373786962979
-41.20373786962979
-40.988484989971646
-40.988484989971646
-40.988484989971646
44.859821684295724
-36.80623094353452
-36.80623094353452
45.0
45.0
-36.80623094353452
-45.0
-45.0
-23.535189776010526
-23.05165665098911
-36.80623094353452
-41.20373786962979
45.0
45.0
44.90709547286778
45.0
45.0
-45.0
-36.80623094353452
-41.20373786962979
-41.20373786962979
45.0
-41.20373786962979
-41.20373786962979
-45.0
-45.0
-45.0
-45.0
-41.20373786962979
44.81393872364268
-45.0
-45.0
-40.988484989971646
-45.0
-41.20373786962979
-40.988484989971646
-40.988484989971646
-40.988484989971646
-45.0
-45.0
-45.0
-41.20373786962979
-41.20373786962979
-41.20373786962979
-41.20373786962979
-41.20373786962979
-41.20373786962979
-36.80623094353452
-36.80623094353452
-41.20373786962979
-41.20373786962979
-40.988484989971646
-41.20373786962979
-44.915972327589
-44.915972327589
-44.915972327589
-41.20373786962979
-41.20373786962979
-45.0
-41.20373786962979
-41.550984989971646
45.0
45.0
45.0
-41.20373786962979
-44.512664084638644
-41.20373786962979
45.0
45.0
-41.550984989971646
-41.550984989971646
-40.988484989971646
-41.20373786962979
-45.0
-41.20373786962979
-41.20373786962979
-41.20373786962979
-41.20373786962979
-40.988484989971646
-41.20373786962979
-36.80623094353452
-41.20373786962979
-41.20373786962979
-41.20373786962979
-45.0
-41.20373786962979
-45.0
-41.550984989971646
-45.0
-41.20373786962979
-41.20373786962979
-45.0
-45.0
-27.967196013278873
-41.20373786962979
-45.0
-27.967196013278873
-45.0
-45.0
-45.0
-40.988484989971646
-45.0
-45.0
-45.0
-45.0
-45.0
-41.20373786962979
-45.0
-45.0
-40.988484989971646
-40.988484989971646
-45.0
-45.0
-45.0
-45.0
-41.20373786962979
-45.0
-41.20373786962979
-45.0
-41.20373786962979
-41.20373786962979
-27.967196013278873
-27.967196013278873
-27.967196013278873
-41.20373786962979
-45.0
-27.967196013278873
-27.967196013278873
-27.967196013278873
-41.20373786962979
-41.20373786962979
-27.967196013278873
-45.0
-27.967196013278873
-41.20373786962979
-45.0
-45.0
-27.967196013278873
-27.779974411461005
-45.0
-26.997811134671593
-45.0
-45.0
-27.967196013278873
-27.967196013278873
-40.988484989971646
-45.0
-45.0
-27.967196013278873
-27.967196013278873
-45.0
-27.967196013278873
-45.0
-45.0
-41.20373786962979
-45.0
-45.0
-41.20373786962979
-27.967196013278873
-41.20373786962979
-45.0
-27.967196013278873
-27.967196013278873
-41.20373786962979
-41.20373786962979
-45.0
-27.967196013278873
-28.151256532073525
-40.988484989971646
-40.988484989971646
-40.988484989971646
-27.967196013278873
-45.0
-45.0
-27.967196013278873
-27.967196013278873
-27.967196013278873
-45.0
-27.967196013278873
-45.0
-27.967196013278873
-45.0
-27.967196013278873
-27.967196013278873
-45.0
-45.0
-45.0
-45.0
-40.988484989971646
-41.20373786962979
-45.0
-45.0
-45.0
-27.967196013278873
-27.967196013278873
-27.967196013278873
-27.967196013278873
-41.20373786962979
-41.20373786962979
-41.20373786962979
-41.20373786962979
-27.967196013278873
-45.0
-27.967196013278873
-27.967196013278873
-40.988484989971646
-27.967196013278873
-28.151256532073525
-45.0
-27.967196013278873
-27.967196013278873
-27.967196013278873
-27.967196013278873
-45.0
-41.20373786962979
-45.0
-45.0
-45.0
-45.0
-27.967196013278873
-41.20373786962979
-27.967196013278873
-27.967196013278873
-27.967196013278873
-45.0
-45.0
-41.20373786962979
-45.0
-27.967196013278873
-45.0
-27.967196013278873
-27.967196013278873
-40.988484989971646
-40.988484989971646
-40.988484989971646
-27.967196013278873
-27.967196013278873
-27.967196013278873
-27.967196013278873
-45.0
-45.0
-27.967196013278873
-45.0
-27.967196013278873
-27.967196013278873
-27.967196013278873
-40.988484989971646
-45.0
-27.967196013278873
-40.988484989971646
-45.0
-27.967196013278873
-45.0
-27.967196013278873
-27.967196013278873
-27.967196013278873
-27.967196013278873
-27.967196013278873
-45.0
-27.967196013278873
-45.0
-27.967196013278873
-27.967196013278873
-27.967196013278873
-27.967196013278873
-45.0
-45.0
-27.967196013278873
-45.0
-27.967196013278873
-28.151256532073525
-27.967196013278873
-27.967196013278873
-27.967196013278873
-27.967196013278873
-27.967196013278873
-27.967196013278873
-27.967196013278873
-27.967196013278873
-27.967196013278873
-27.967196013278873
-45.0
-45.0
-27.967196013278873
-27.967196013278873
-27.967196013278873
-45.0
-27.967196013278873
-45.0
-27.967196013278873
-27.967196013278873
-27.967196013278873
-45.0
-27.967196013278873
-27.967196013278873
-45.0
-27.967196013278873
-27.967196013278873
-45.0
-45.0
-27.967196013278873
-27.967196013278873
-27.967196013278873
-27.967196013278873
-45.0
-27.967196013278873
-45.0
-45.0
-41.20373786962979
-27.967196013278873
-40.988484989971646
-27.967196013278873
-45.0
43.69731187055214
-27.967196013278873
-45.0
-27.967196013278873
-45.0
-27.967196013278873
-45.0
-45.0
-45.0
-45.0
-45.0
-45.0
-45.0
-41.20373786962979
-41.20373786962979
-41.20373786962979
-41.20373786962979
-27.967196013278873
-45.0
-45.0
-41.20373786962979
-41.20373786962979
-41.20373786962979
-41.20373786962979
-40.988484989971646
-40.988484989971646
-45.0
-45.0
-27.967196013278873
-45.0
-45.0
-45.0
-41.20373786962979
-43.85956987007851
-45.0
-45.0
-45.0
-45.0
-45.0
19.54692944311475
9.893838895987187
5.393838895987187
5.9901071846605305
9.37068300052978
9.19181699947022
21.63953402515631
18.34708859422316
16.722150319378947
14.0625
13.881393752091668
-45.0
-45.0
-45.0
11.724023663710561
17.944886863946202
23.260995412485187
14.802688129447859
17.82965225417219
23.28429601441374
27.917750423871553
33.90780398672112
35.78252558853899
-34.3125
-45.0
-45.0
-45.0
-22.724062915205096
-43.080418913083875
-23.007583009212667
-22.098431526986744
-21.41196062995043
-21.770040602685633
-21.7222144538674
-22.07807055688525
-23.05165665098911
-23.693619800180095
-24.1875
-23.693619800180095
-22.972689776010526
-23.05165665098911
-22.508087411276527
-22.508087411276527
-23.05165665098911
-22.972689776010526
-27.826352065678137
-27.967196013278873
-36.80623094353452
-27.967196013278873
-40.988484989971646
-45.0
-45.0
-40.988484989971646
45.0
44.6976078986001
44.61378110124991
-45.0
-45.0
-23.11966338319845
-27.967196013278873
-40.988484989971646
-44.915972327589
-44.915972327589
-11.44181699947022
-44.915972327589
-17.9619942218157
-13.389970848611117
-44.915972327589
-44.915972327589
-44.915972327589
-23.05165665098911
-23.05165665098911
-44.915972327589
-23.05165665098911
-44.915972327589
-41.20373786962979
-23.05165665098911
-40.988484989971646
44.335645391647006
44.142641184491396
44.720278342105615
-44.915972327589
-36.80623094353452
-41.20373786962979
-36.80623094353452
-36.80623094353452
-45.0
-40.988484989971646
-45.0
-36.80623094353452
45.0
-41.20373786962979
-27.967196013278873
-45.0
-45.0
-36.80623094353452
45.0
-41.20373786962979
-41.20373786962979
-41.20373786962979
45.0
-41.20373786962979
-41.20373786962979
-41.20373786962979
-41.979142396526775
-41.20373786962979
-41.20373786962979
-41.20373786962979
-36.80623094353452
-36.80623094353452
45.0
-36.80623094353452
-36.80623094353452
-41.20373786962979
-45.0
-40.988484989971646
-45.0
-36.80623094353452
-41.20373786962979
-41.20373786962979
-40.988484989971646
-41.20373786962979
-40.988484989971646
-44.915972327589
-36.80623094353452
-41.20373786962979
-41.20373786962979
45.0
45.0
44.9962902950634
-41.20373786962979
-41.20373786962979
-41.979142396526775
45.0
-36.80623094353452
-41.20373786962979
-40.988484989971646
-41.20373786962979
44.898145391647006
45.0
-36.80623094353452
-40.988484989971646
-41.84460312851347
45.0
44.923412900065486
-40.988484989971646
-39.78422773084431
-41.20373786962979
-41.20373786962979
-40.988484989971646
-41.20373786962979
-41.20373786962979
44.898145391647006
-41.20373786962979
-45.0
-45.0
-45.0
-41.20373786962979
-40.988484989971646
-40.988484989971646
-41.20373786962979
-36.80623094353452
-41.20373786962979
-36.80623094353452
-36.80623094353452
-40.988484989971646
-40.988484989971646
-40.988484989971646
-41.20373786962979
-40.988484989971646
-41.20373786962979
-41.20373786962979
-41.20373786962979
-36.80623094353452
-41.20373786962979
-41.20373786962979
-41.20373786962979
-41.20373786962979
-36.80623094353452
-36.80623094353452
-41.20373786962979
-41.20373786962979
-36.80623094353452
-41.20373786962979
-40.988484989971646
-41.20373786962979
-40.988484989971646
-41.20373786962979
45.0
-36.80623094353452
-41.20373786962979
-36.80623094353452
44.90709547286778
-41.20373786962979
-41.20373786962979
-41.20373786962979
-36.80623094353452
-41.20373786962979
44.9522125230033
-41.20373786962979
-36.80623094353452
-41.20373786962979
-41.20373786962979
44.90709547286778
44.90709547286778
-41.20373786962979
44.81393872364268
44.81393872364268
45.0
45.0
44.90709547286778
44.81393872364268
-36.80623094353452
45.0
45.0
45.0
-41.20373786962979
45.0
-41.20373786962979
-41.20373786962979
-41.20373786962979
-41.20373786962979
-41.979142396526775
-40.988484989971646
-40.988484989971646
-41.20373786962979
-36.80623094353452
44.7982795882962
-36.80623094353452
-41.20373786962979
-41.20373786962979
45.0
44.90709547286778
45.0
44.335645391647006
-36.80623094353452
-40.988484989971646
-41.20373786962979
-41.20373786962979
-41.20373786962979
45.0
44.720278342105615
45.0
45.0
44.297321684295724
-41.20373786962979
45.0
-41.979142396526775
45.0
-41.20373786962979
45.0
45.0
-41.20373786962979
44.53044991975135
44.290157743129
44.81393872364268
44.90709547286778
45.0
45.0
44.90709547286778
45.0
-36.80623094353452
-41.20373786962979
-41.20373786962979
-41.20373786962979
-41.20373786962979
-36.80623094353452
-23.05165665098911
-23.11966338319845
-23.048813307448192
-23.048813307448192
-13.457203431250186
-16.107595872954953
-45.0
-45.0
-45.0
-45.0
-45.0
-45.0
-45.0
-45.0
-45.0
-45.0
-45.0
-45.0
-45.0
-45.0
-45.0
-45.0
-45.0
-45.0
-45.0
-45.0
-45.0
-45.0
-45.0
-45.0
-45.0
-45.0
-45.0
-45.0
-45.0
-45.0
-45.0
-45.0
-45.0
-45.0
-45.0
-45.0
-45.0
-45.0
-45.0
-45.0
-45.0
-45.0
-45.0
-45.0
-45.0
-45.0
-45.0
-45.0
-45.0
-45.0
-45.0
-45.0
-45.0
-45.0
-45.0
-45.0
-45.0
-45.0
-45.0
-45.0
-45.0
-45.0
-45.0
-45.0
-45.0
-45.0
-45.0
-45.0
-45.0
-45.0
-45.0
-45.0
-45.0
-45.0
-45.0
-45.0
-45.0
-45.0
-45.0
-45.0
-45.0
-45.0
-45.0
-45.0
-45.0
-45.0
-45.0
-45.0
-45.0
-45.0
-45.0
-45.0
-45.0
-45.0
-45.0
-45.0
-45.0
-45.0
-45.0
-45.0
-45.0
-45.0
-45.0
-45.0
-45.0
-45.0
-45.0
-45.0
-45.0
-45.0
-45.0
-45.0
-45.0
-45.0
-45.0
-45.0
-45.0
-45.0
-45.0
-45.0
-45.0
-45.0
-45.0
-45.0
-45.0
-45.0
-45.0
-45.0
-45.0
-45.0
-45.0
-45.0
-45.0
-45.0
-45.0
-45.0
-45.0
-45.0
-45.0
-45.0
-45.0
-45.0
-45.0
-45.0
-45.0
-45.0
-45.0
-45.0
-45.0
-45.0
-45.0
-45.0
-45.0
-45.0
-45.0
-45.0
-45.0
-45.0
-45.0
-45.0
-45.0
-45.0
-45.0
-45.0
-45.0
-45.0
-45.0
-45.0
-45.0
-45.0
-45.0
-45.0
-45.0
-45.0
-45.0
-45.0
-45.0
-45.0
-17.565051177077983
-9.294378266036766
-22.499835827698902
-22.565088241139343
-22.565088241139343
-22.499835827698902
-21.99466338319845
-21.99466338319845
-22.565088241139343
-22.1379464135376
-41.423805132997295
-28.657533762989893
-45.0
-45.0
-4.154974411461005
-5.974295256824092
-10.095033762989893
-4.845025588538995
-45.0
-45.0
-12.375
-10.095033762989893
-22.420907280095832
-45.0
-45.0
-45.0
-43.032778342105615
-43.40540452713221
-43.49856127635732
-42.74629029506341
-42.23608431681806
-45.0
-40.35876213037021
-45.0
-45.0
-40.002225811340764
-40.71220270968074
-40.71220270968074
45.0
-41.53627179840513
-45.0
45.0
-40.71220270968074
-40.71220270968074
-40.71220270968074
-40.002225811340764
-40.71220270968074
45.0
-36.208189259943026
-36.208189259943026
-36.208189259943026
45.0
45.0
-40.71220270968074
-41.53627179840513
-41.53627179840513
45.0
-36.208189259943026
-41.53627179840513
-36.208189259943026
-36.208189259943026
-36.208189259943026
-36.208189259943026
-36.208189259943026
-40.71220270968074
-40.71220270968074
-36.208189259943026
-36.208189259943026
-36.208189259943026
-40.71220270968074
-40.71220270968074
-36.208189259943026
-36.208189259943026
-40.71220270968074
-41.53627179840513
-26.842196013278873
45.0
-36.208189259943026
-36.208189259943026
-41.53627179840513
-40.71220270968074
45.0
-41.53627179840513
-36.208189259943026
-36.208189259943026
45.0
-43.950164084638644
-36.208189259943026
-36.208189259943026
-36.208189259943026
-41.66115963975595
-36.208189259943026
-36.208189259943026
45.0
44.4375
-36.208189259943026
-36.208189259943026
-40.71220270968074
45.0
-36.208189259943026
-40.71220270968074
-40.71220270968074
-40.71220270968074
-41.53627179840513
-36.208189259943026
-36.208189259943026
-36.208189259943026
-40.71220270968074
-40.71220270968074
-40.71220270968074
-41.53627179840513
-36.208189259943026
-36.208189259943026
-36.208189259943026
-36.208189259943026
-40.71220270968074
-36.208189259943026
-36.208189259943026
-36.208189259943026
-40.71220270968074
-36.208189259943026
-36.208189259943026
-40.71220270968074
-40.71220270968074
-40.71220270968074
-36.208189259943026
-36.208189259943026
-36.208189259943026
-36.208189259943026
45.0
-40.71220270968074
-36.208189259943026
-36.208189259943026
-36.208189259943026
45.0
-36.208189259943026
-40.71220270968074
-41.53627179840513
-40.71220270968074
-36.208189259943026
-43.950164084638644
-36.208189259943026
45.0
-36.208189259943026
-36.208189259943026
-40.71220270968074
-40.71220270968074
-40.71220270968074
44.4375
-36.208189259943026
-36.208189259943026
-36.208189259943026
-36.208189259943026
-43.950164084638644
-36.208189259943026
-36.208189259943026
-36.208189259943026
44.109870364055155
-41.53627179840513
-41.53627179840513
-36.208189259943026
-40.71220270968074
-36.208189259943026
-36.208189259943026
-40.71220270968074
-36.208189259943026
-40.71220270968074
-36.208189259943026
-36.208189259943026
-40.71220270968074
45.0
-41.53627179840513
-36.208189259943026
-43.950164084638644
44.4375
44.705141184491396
45.0
-40.71220270968074
-41.66115963975595
-43.950164084638644
-43.950164084638644
45.0
-36.208189259943026
-36.208189259943026
-36.208189259943026
-36.208189259943026
-36.208189259943026
-36.208189259943026
-36.208189259943026
-36.208189259943026
45.0
-43.950164084638644
-36.208189259943026
-36.208189259943026
-36.208189259943026
-36.208189259943026
-36.208189259943026
-36.208189259943026
-36.208189259943026
-36.208189259943026
-40.71220270968074
-40.71220270968074
-40.71220270968074
-36.208189259943026
-36.208189259943026
-36.208189259943026
-36.208189259943026
44.584842256871
-36.208189259943026
-41.66115963975595
-36.208189259943026
-36.73808978068068
-36.208189259943026
-36.208189259943026
-41.66115963975595
-21.99466338319845
-36.208189259943026
-41.53627179840513
-36.208189259943026
-36.208189259943026
-36.208189259943026
-36.73808978068068
-36.73808978068068
-41.65959697375007
-21.99466338319845
-40.71220270968074
-36.43494882292201
-22.499835827698902
-22.565088241139343
-21.99466338319845
-22.17385242935883
-21.99466338319845
-22.687508174450898
-22.687508174450898
-45.0
-45.0
-45.0
-45.0
-45.0
-22.55716338319845
-22.486313307448192
-21.592474411461005
-21.47990426891321
-22.486313307448192
-22.486313307448192
-21.99466338319845
-21.47990426891321
-21.47990426891321
-24.592482585911903
-21.47990426891321
-21.029974411461005
-21.47990426891321
-21.846944457261387
-21.923813307448192
-22.486313307448192
-22.486313307448192
-22.256829019813992
-21.996781418235365
-21.339762061209626
-22.12253956458799
-22.499835827698902
-21.99466338319845
-22.486313307448192
-22.486313307448192
-22.486313307448192
-36.208189259943026
-40.71220270968074
-28.154966237010107
-45.0
44.584842256871
-36.208189259943026
-36.208189259943026
-36.208189259943026
-36.208189259943026
44.4375
-36.208189259943026
-36.208189259943026
-36.208189259943026
-36.208189259943026
-36.208189259943026
-36.208189259943026
44.169858815508604
-36.208189259943026
-36.208189259943026
-36.208189259943026
-36.208189259943026
45.0
-36.208189259943026
-36.208189259943026
-40.71220270968074
45.0
-36.208189259943026
-40.71220270968074
45.0
-26.842196013278873
-36.208189259943026
-40.71220270968074
-36.208189259943026
-36.208189259943026
-36.208189259943026
-36.208189259943026
-36.208189259943026
-36.208189259943026
-36.208189259943026
-41.53627179840513
-36.208189259943026
-36.208189259943026
-36.208189259943026
-36.208189259943026
-36.208189259943026
-36.208189259943026
-36.208189259943026
-36.208189259943026
-36.208189259943026
-40.71220270968074
-36.208189259943026
-36.208189259943026
-36.208189259943026
-36.208189259943026
-36.208189259943026
-36.208189259943026
-36.208189259943026
-36.208189259943026
-36.208189259943026
-36.208189259943026
-36.208189259943026
-36.208189259943026
-36.208189259943026
-36.208189259943026
-36.208189259943026
-36.208189259943026
-43.950164084638644
45.0
44.4375
45.0
-36.208189259943026
-36.208189259943026
-36.208189259943026
45.0
45.0
-36.208189259943026
-36.208189259943026
-40.71220270968074
-36.208189259943026
-40.71220270968074
45.0
45.0
45.0
-36.208189259943026
44.4375
-36.208189259943026
-36.208189259943026
-36.208189259943026
-36.208189259943026
-41.53627179840513
-36.208189259943026
-36.208189259943026
45.0
45.0
45.0
-41.66115963975595
45.0
-36.208189259943026
-36.208189259943026
-36.208189259943026
-43.950164084638644
-36.208189259943026
-40.71220270968074
-36.208189259943026
-36.208189259943026
-36.208189259943026
-27.217474411461005
-36.208189259943026
-36.208189259943026
-36.208189259943026
-36.208189259943026
-36.208189259943026
-36.208189259943026
-36.208189259943026
45.0
-36.208189259943026
-36.208189259943026
-36.208189259943026
-36.208189259943026
-36.208189259943026
-43.950164084638644
-36.208189259943026
-36.208189259943026
-40.71220270968074
-43.950164084638644
-40.71220270968074
45.0
-40.71220270968074
-36.208189259943026
-36.43494882292201
-36.208189259943026
-36.208189259943026
-36.208189259943026
-36.208189259943026
-40.71220270968074
-40.71220270968074
45.0
-36.208189259943026
-36.208189259943026
45.0
-36.208189259943026
-36.208189259943026
-36.208189259943026
-36.208189259943026
-27.217474411461005
-36.208189259943026
-36.208189259943026
-36.208189259943026
-36.208189259943026
-43.950164084638644
-26.842196013278873
-36.208189259943026
-36.208189259943026
-36.208189259943026
-36.208189259943026
-36.208189259943026
-36.208189259943026
-36.208189259943026
-36.208189259943026
-36.208189259943026
-40.71220270968074
-36.208189259943026
-36.208189259943026
-36.208189259943026
45.0
-40.71220270968074
45.0
-36.208189259943026
45.0
-36.208189259943026
-40.71220270968074
-40.71220270968074
-40.71220270968074
-40.71220270968074
-40.71220270968074
-40.71220270968074
-36.208189259943026
-36.208189259943026
-36.208189259943026
-36.208189259943026
-36.208189259943026
44.852657743129
-36.208189259943026
-36.208189259943026
-36.208189259943026
-36.208189259943026
44.584842256871
-36.208189259943026
-43.950164084638644
-36.208189259943026
-43.950164084638644
-36.208189259943026
45.0
-36.208189259943026
-36.208189259943026
-36.208189259943026
-36.208189259943026
-36.208189259943026
-36.208189259943026
-36.208189259943026
-36.208189259943026
-43.950164084638644
-36.208189259943026
-40.71220270968074
-41.53627179840513
45.0
-43.950164084638644
-43.950164084638644
44.852657743129
-40.71220270968074
-40.71220270968074
-41.53627179840513
-40.71220270968074
-40.71220270968074
-36.208189259943026
45.0
-40.71220270968074
-36.208189259943026
45.0
-36.208189259943026
-36.208189259943026
-36.208189259943026
-43.950164084638644
44.169858815508604
-43.950164084638644
-36.208189259943026
-43.950164084638644
-36.208189259943026
-43.950164084638644
45.0
-41.53627179840513
-43.950164084638644
-40.71220270968074
-43.950164084638644
-36.208189259943026
-36.208189259943026
-36.208189259943026
-36.208189259943026
-43.950164084638644
-36.208189259943026
-36.208189259943026
-36.208189259943026
44.852657743129
-36.208189259943026
-36.208189259943026
-36.208189259943026
45.0
-36.208189259943026
-36.208189259943026
-40.71220270968074
-40.71220270968074
-41.53627179840513
-36.208189259943026
-36.208189259943026
-36.208189259943026
-36.208189259943026
-36.208189259943026
-36.208189259943026
-36.208189259943026
-36.208189259943026
-40.71220270968074
-27.217474411461005
-43.9501640846